"semnig1" "semnig2" "ridge1" "lasso1" "xtune1" "ebridge1" "bSEM1"
"interceptf" 2.84131249738021 2.84469419174325 NA NA -7.33700387680148 NA 2099.44140846262
"inpathway" NA -0.260500569297292 NA NA -0.418358026845823 0.805504162909487 -1634.53671835305
"interceptd" 331.402644630725 289.290168141192 NA NA NA NA NA
"experimental" NA 43.9850126241184 NA NA NA -0.0301233442954568 NA
"in clinical development" NA 53.8638622590219 NA NA NA -0.00595483031426663 NA
"targeted" NA 2.84495905717275 NA NA NA 0.319647756556171 NA
"unknown" NA 34.9637179511939 NA NA NA 0.266492214243969 NA
"lambdaf" 3.77098595651024 3.7700976420138 NA NA NA NA NA
"lambdad" 0.16696020406869 0.203793349029894 NA NA NA NA NA
