"semnig1" "semnig2" "ridge1" "lasso1" "xtune1" "ebridge1"
"pmse1" 0.658547375302475 0.657709167289577 0.66700786396437 0.688174335702095 0.656870011912958 0.66958817861518
"pmse2" 0.766866201691398 0.766601283139013 0.765063981197991 0.769270591007821 0.763468289526951 0.766032029529898
"pmse3" 1.00706463973953 1.00757874138532 0.988589895702434 0.996846027417331 0.991080421856486 0.990121739260419
"pmse4" 0.895788909494593 0.895451264199429 0.891099427304589 0.974307859785293 0.893077555717163 0.892281802953814
"pmse5" 0.690608397252755 0.690598827352109 0.706873092289356 0.72279592752498 0.694735278671515 0.700587691161015
"pmse6" 0.735472777564849 0.735375684147033 0.741972840817129 0.777439825770801 0.734508539624662 0.738866680699245
"pmse7" 0.810793068131042 0.809954581931786 0.793050029532342 0.807406379633775 0.797692668345034 0.803830883406767
"pmse8" 0.789212335959734 0.788616851132879 0.789346743597528 0.806358580485998 0.786299564196856 0.790152987050357
"pmse9" 0.920346108692286 0.920870695021587 0.867930476795677 0.879846420189356 0.880996665673556 0.876856162915168
"pmse10" 0.799597750312787 0.800052180324395 0.770115498982071 0.78862038336354 0.778371247907983 0.773390638828533
"pmse11" 0.943680945293131 0.943400469635991 0.929392567970649 0.952009999662118 0.947722565991558 0.927277658848238
"pmse12" 0.809922632861631 0.811306033114663 0.794069660542485 0.828491710634114 0.827311096047679 0.786262424953389
"pmse13" 0.722127614519193 0.722535872712977 0.712602085775838 0.759277165662835 0.723057563975004 0.71163622794763
"pmse14" 0.903236844030322 0.902756544956871 0.879042618257831 0.893848058989011 0.885229940591868 0.892174799453506
"pmse15" 0.756501769318468 0.757229527142906 0.754764380126178 0.778660076589537 0.775331853092978 0.755797636881673
"pmse16" 0.708593683874103 0.705083328517348 0.711616958053984 0.720395127612009 0.718236156525178 0.741206404070291
"pmse17" 0.857169694703377 0.856954020815712 0.837759936331826 0.885241720181734 0.853327555779954 0.844194103198462
"pmse18" 0.810771760610927 0.81165700004754 0.799628708843348 0.82743765551158 0.855777761029493 0.799767497314557
"pmse19" 0.776404151962798 0.775745803822739 0.775339646367919 0.799770658703873 0.772444423029919 0.778490510708365
"pmse20" 0.841330281265651 0.840950322405072 0.823171454434851 0.848573440965832 0.824072560356142 0.833377283146203
"pmse21" 0.843806764627407 0.844416961092976 0.833131105074604 0.838021105394148 0.833533307195554 0.831779812286141
"pmse22" 0.95183623638187 0.949709120542087 0.924714459361133 0.935165190718682 0.953943729440596 0.935308143718808
"pmse23" 0.967340793610558 0.96710137411513 0.956555644905574 0.994974874371859 0.95792256580722 0.958057554197057
"pmse24" 0.834330346788641 0.833588900490817 0.833489179304799 0.855919774097401 0.823213785114985 0.838542375080493
"pmse25" 0.693132879028607 0.693886372754311 0.675900988509825 0.677404671585566 0.693165663740995 0.672840411390867
"pmse26" 0.913859681518269 0.913064477416841 0.901473485905357 0.866123009694261 0.898024253725836 0.915962534426237
"pmse27" 0.674348880750332 0.672972925082222 0.68668844809793 0.701563611683577 0.672786535426023 0.691565799748995
"pmse28" 0.71170186679602 0.71225097966984 0.698782948303493 0.700968583721903 0.711262072177573 0.697904755455364
"pmse29" 0.999544394302871 0.999905100153775 0.95291970123812 0.995 0.962339982316363 0.955918960409868
"pmse30" 0.935123573873759 0.935440906085314 0.924501255592484 0.953281337153319 0.93274572558383 0.929512118936701
"pmse31" 0.930967143336003 0.931476940142582 0.920818830381594 0.946331867820939 0.925523207292852 0.922165865629733
"pmse32" 0.862249250775066 0.864083999323576 0.856668536948164 0.860450325906862 0.866610933377325 0.846878044105023
"pmse33" 0.744742500393126 0.744400526667519 0.75834247196218 0.799753158729515 0.746805332795089 0.757987816051934
"pmse34" 0.904631857285747 0.904037738037536 0.900445726958683 0.927719536489818 0.905974145059336 0.906906622463288
"pmse35" 0.670847864723168 0.670885000728796 0.65904932251631 0.679913957951975 0.666856854754134 0.660138180581911
"pmse36" 0.797653206879704 0.795364542367592 0.786770133550889 0.850251566732855 0.814133808735698 0.805240000502577
"pmse37" 0.86271695955219 0.86153614114335 0.842750265776072 0.858561986849939 0.839010360755946 0.854775013660422
"pmse38" 0.847001875584412 0.848409610914182 0.833746270388319 0.830349922687052 0.85557438458697 0.827669679063676
"pmse39" 0.879388744841287 0.877303556702464 0.871242852911958 0.908840220829207 0.871466113984295 0.887410897360079
"pmse40" 0.863654152747379 0.863308067363539 0.880666214612918 0.908080005924698 0.866210176818666 0.877387818155549
"pmse41" 0.884605871327004 0.885235611541326 0.866565398034332 0.891508684045419 0.88838178979539 0.866151554352172
"pmse42" 0.824383602179817 0.823449158309512 0.83677156970471 0.852483522437463 0.851208570415908 0.833349088847077
"pmse43" 0.962650290949889 0.962438043618606 0.954105354391832 0.974683274980961 0.953842434338488 0.950729871336934
"pmse44" 0.826600702115826 0.824654212854833 0.816493065506868 0.865775012837302 0.81751674641554 0.829864383268255
"pmse45" 0.694223534905108 0.692915402711839 0.687923673712635 0.729315770899991 0.689951243612672 0.694778013404017
"pmse46" 0.791107064398719 0.787858594706373 0.794717918284883 0.760347074923742 0.777261806251641 0.815710874832215
"pmse47" 0.880175913569075 0.879345559814209 0.873345140404227 0.923386592088458 0.884278391108161 0.882357103371341
"pmse48" 0.773009744076742 0.772263767298968 0.77113231774665 0.761924065692041 0.767824995698611 0.774726154734356
"pmse49" 0.969308399358628 0.967672506118704 0.933019524257611 0.971557418774631 0.952439197533072 0.956856140557952
"pmse50" 0.765368979355706 0.765468810001417 0.788657542927112 0.857575981041052 0.779659614001861 0.775101023324731
"pmse51" 0.802591967234698 0.802730727916597 0.792143664492755 0.829520218901334 0.794667806566995 0.792542215731818
"pmse52" 0.720656750203114 0.720418212284072 0.734844119067872 0.719558396827469 0.72429633950148 0.735306648986326
"pmse53" 0.781649482384774 0.781669844310811 0.786232942861577 0.822084270269486 0.780734070242653 0.779856374202341
"pmse54" 0.743106114030031 0.742310903832237 0.754396891749899 0.77467421531917 0.747029075813407 0.755976493745447
"pmse55" 0.655343089821028 0.654791470068993 0.664826897229483 0.688418567266801 0.66512527581329 0.662299102510662
"pmse56" 0.925601536360399 0.925785867040745 0.887757302798772 0.924600302080845 0.891897874282726 0.898851554393847
"pmse57" 0.840329896664663 0.840046678352305 0.840673457458711 0.849510299936519 0.839108058376408 0.839702447527754
"pmse58" 0.699345594373776 0.699056894789378 0.711126428399831 0.72390936225396 0.69895515271614 0.709733534260108
"pmse59" 0.714398996411315 0.713807722741778 0.714155539587893 0.718235088642252 0.714101146191403 0.721355240485099
"pmse60" 0.805453060796276 0.804067321337579 0.793610235592798 0.833192906768142 0.795127071627989 0.809001125712019
"pmse61" 0.729625642691586 0.72854785033839 0.72845836494686 0.741793888574323 0.727703304061224 0.738338131707442
"pmse62" 1.03731426500509 1.03554002347037 0.980920526029061 0.997619047619048 0.989191280837174 0.989173465741463
"pmse63" 0.932234391371204 0.932309781566026 0.924043544304435 0.922581974454505 0.928535680074268 0.925670888986062
"pmse64" 0.932482098124221 0.93129325425038 0.912968560240292 0.973331432520609 0.927688811581772 0.924433611708906
"pmse65" 0.79862348282777 0.796690784333197 0.789894504017368 0.815453656652662 0.781299438752017 0.803872277345725
"pmse66" 0.894437838264918 0.893349056164766 0.888789565891251 0.948803094969373 0.941251353363333 0.894704250729015
"pmse67" 0.9884752917619 0.988773995268709 0.970210476675663 0.972131015281197 0.970207865582061 0.980937408195755
"pmse68" 0.86663920521827 0.865803362802285 0.862113592911592 0.87450518820094 0.853691466601015 0.861461916924858
"pmse69" 0.913786433428865 0.91402684120724 0.909397239133902 0.914119975156618 0.912942209953174 0.908537512685646
"pmse70" 0.940735205025079 0.940772212918082 0.922664176151215 0.895964550546739 0.917102938520964 0.940299741538691
"pmse71" 0.924064461693521 0.920255490964583 0.908431802920442 0.863510195933644 0.908221848823051 0.936481453026489
"pmse72" 0.716573759692198 0.715808926038308 0.702971541476231 0.719502170714362 0.696601945259025 0.710637865558215
"pmse73" 0.934658035373061 0.934004348498258 0.908887831547689 0.945305063894752 0.915759100469383 0.920660978508643
"pmse74" 0.759861528519028 0.759113725728259 0.749156388946188 0.752935537257424 0.748339164111478 0.756237512430331
"pmse75" 0.844606357258384 0.844167125883224 0.853457885453824 0.89871075092789 0.840284577808118 0.851569673698163
"pmse76" 0.813584147305916 0.813916269079638 0.793508149160755 0.811967856984234 0.803954697686591 0.795429318905767
"pmse77" 0.961938428423475 0.961379337934254 0.936574897797612 0.944561117459464 0.933186095364546 0.933796402297983
"pmse78" 0.783822967371085 0.783289642886601 0.775457202042928 0.843823826900729 0.778493385199087 0.78244886479432
"pmse79" 0.803894037091149 0.802462974926754 0.832326745670262 0.864890050937313 0.821198182020544 0.831243028274769
"pmse80" 0.770249975768295 0.770364436251648 0.766767432065129 0.785209437009481 0.77094421239662 0.764934301571883
"pmse81" 0.950479473147676 0.950111856646701 0.933862335308012 0.93983149329685 0.929160293627464 0.930056490791912
"pmse82" 0.658788182957736 0.658895744575668 0.681970572487026 0.683194132832316 0.662182517835353 0.674614476238551
"pmse83" 0.951564278156389 0.951417180997852 0.963657535940376 0.974522643129516 0.960041587526417 0.958043245111327
"pmse84" 0.819943817836172 0.820385688458158 0.822659133831105 0.859309034847615 0.815932575821994 0.81886228337986
"pmse85" 0.829467814599538 0.827243668788853 0.833681679464446 0.861407848133324 0.831201501453997 0.842388953110276
"pmse86" 0.697380336062779 0.697285203880205 0.686065697034052 0.696086242977606 0.68689970885969 0.685539418033315
"pmse87" 0.932027105763992 0.930278677480206 0.929250580786225 0.944983558779261 0.931353707845747 0.938152884064406
"pmse88" 0.681687596087895 0.680757648600562 0.685263893495474 0.704219149425561 0.673238847432338 0.692311020430403
"pmse89" 0.860075041451352 0.858887281428749 0.854166705465696 0.862261881081341 0.852494617204296 0.858593083897
"pmse90" 1.01451846987938 1.0133526812151 0.986879098667647 1.04156962206248 1.00043375618402 1.01290687529732
"pmse91" 1.00236892959796 1.00209041370136 0.972350970263855 0.983969752076923 1.0144307413599 0.97305180343541
"pmse92" 0.825043128620905 0.824138753415363 0.828009678886353 0.864136151792043 0.824820141587065 0.836094282103665
"pmse93" 0.885431788112733 0.886848071446183 0.885438848646126 0.931381887393572 0.894235877377765 0.883513446279437
"pmse94" 0.860985154198901 0.860848794104516 0.837051107893304 0.869082576085626 0.85547597967886 0.848796526737169
"pmse95" 0.608635364139678 0.60808543116877 0.596733280704111 0.605608529322951 0.591396034911446 0.604142556620859
"pmse96" 0.83169456940091 0.831421986379674 0.830469153236257 0.842023386315145 0.830653124791416 0.833585786193866
"pmse97" 0.769329109021615 0.768824198047693 0.745020026444902 0.755948354817709 0.745298562216126 0.751786360344796
"pmse98" 0.820407130483544 0.819187404419668 0.84908360294082 0.880196797481668 0.84748717017365 0.848700830411437
"pmse99" 0.955532487652993 0.953511913110548 0.934291971915673 1.05095998214581 0.936269626034211 0.960002670541012
"pmse100" 0.787838800128157 0.787860908758674 0.785622100550841 0.812434088899684 0.784435351589485 0.783602490829114
"pmse101" 0.736443348852716 0.735609698944028 0.754695738773106 0.781215789388826 0.783184325628293 0.751916963565948
"pmse102" 0.921963724078799 0.922032019102364 0.920030559598915 0.921882880473025 0.915364812132305 0.914938650643167
"pmse103" 0.933105394068796 0.931688782158244 0.934480555823291 0.950789265625587 0.935068860251448 0.930755067192642
"pmse104" 0.867628182307751 0.86813000615145 0.858617427787997 0.861388124239828 0.857191457621116 0.858016341823959
"pmse105" 0.951742439972473 0.950666818438284 0.944217443136241 0.95398071803297 0.940952028694192 0.946479932757001
"pmse106" 0.776554804118449 0.776129865424845 0.756721484226882 0.755028062223519 0.762100305519846 0.761861224245498
"pmse107" 1.06679274103756 1.06671942737792 1.00639669921536 0.964091053439012 0.992543715504091 1.01541331216064
"pmse108" 0.637680116007178 0.637869608994907 0.621924421701214 0.658204191774499 0.624636235476536 0.623400172482203
"pmse109" 0.802926266112193 0.802016787856628 0.792023703515234 0.784472263328167 0.780555604286771 0.79562460088118
"pmse110" 0.627834704385755 0.628100692630133 0.614276465104923 0.640666021420129 0.624145982070372 0.614402533090677
"pmse111" 0.908299264106536 0.907837574804297 0.881252896687608 0.89452934379135 0.88428105499763 0.8915066095821
"pmse112" 0.678451306125703 0.678055144661855 0.671677568294962 0.688388234218547 0.66731639464123 0.673236656031267
"pmse113" 0.841883982425551 0.842094984225438 0.830515613167494 0.845844146159122 0.839160620423026 0.831487065636104
"pmse114" 0.790889402477367 0.790116539809517 0.784197256277887 0.828354911235087 0.789787451712429 0.795825499631228
"pmse115" 0.765151710966993 0.764870229817122 0.763851780995921 0.766288275292576 0.76207960757926 0.761769653256039
"pmse116" 0.735144041459214 0.736048658181043 0.744033568610794 0.825608033824562 0.7456459797653 0.733402523956439
"pmse117" 0.95272697600232 0.953389004211868 0.919294214685211 0.942379798994865 0.924321729188204 0.921096074435747
"pmse118" 0.748759009387798 0.747228786847418 0.782757782591445 0.814006794307365 0.767682453182222 0.781804915031321
"pmse119" 0.922450698198134 0.922486781819525 0.919468939549591 0.965493031352414 0.922997275301196 0.92021283172749
"pmse120" 0.869925473072984 0.868881052957711 0.877985506007639 0.870654358511032 0.880095114121302 0.87448799456663
"pmse121" 0.710833714263189 0.710431449321794 0.712089743074241 0.715872089087478 0.70624288835244 0.714758309758003
"pmse122" 0.611676634810211 0.610949856228961 0.615803162348174 0.618710565038488 0.604124190346756 0.614559552980736
"pmse123" 1.01542166122524 1.01365896150651 0.952419029862429 1.00469002405539 0.963617646982615 0.958031959358717
"pmse124" 0.855573692407256 0.856036341316856 0.84413433898788 0.873321574503705 0.843870865277894 0.840970734876299
"pmse125" 0.817764111504645 0.815286506647907 0.860927994455995 0.869202730649611 0.821794371048791 0.861015822612836
"pmse126" 0.950725504692028 0.951024939332748 0.942635964164975 0.95179850412852 0.937562346354369 0.936865227523492
"pmse127" 1.0001081972464 0.999711079695087 0.959954212797361 1.00421998887268 0.964774885235713 0.962600630146568
"pmse128" 0.728327131244861 0.727870815306805 0.738592788250137 0.766243467098999 0.727087065610601 0.734803701911733
"pmse129" 0.663743234463634 0.664048664146053 0.669382560814725 0.676089760042341 0.665976311383286 0.663431477411203
"pmse130" 0.687864507901596 0.687424392258686 0.672219581023269 0.705439928617943 0.673781408220294 0.679698967922004
"pmse131" 0.693491493032459 0.693057411653755 0.730495233024247 0.801341802420575 0.721341603622468 0.723248305526206
"pmse132" 0.646660981824035 0.647481789107834 0.64283625064878 0.651020969377158 0.650649503956777 0.638770605440412
"pmse133" 0.8825422905609 0.88284548718389 0.856864254740423 0.86810520184338 0.865152159626379 0.860974617720274
"pmse134" 0.97870415293818 0.976905527308919 0.947602678368273 1.00259171208375 0.987549863624716 0.973815601879589
"pmse135" 0.828922153774515 0.827901035722206 0.827445757138094 0.840704338825012 0.82635111633586 0.830819716268001
"pmse136" 0.690109689411846 0.690603369602533 0.72074106991425 0.695891713769515 0.694891190830858 0.708112824118746
"pmse137" 0.66579533357328 0.665291126692286 0.684469760670117 0.699147477469651 0.674818329283898 0.683476943430395
"pmse138" 0.94602136419568 0.946444625355083 0.938655625754604 1.03968994870209 0.993893840141261 0.942295039697387
"pmse139" 0.835478706915801 0.835479736998407 0.832300424596828 0.848844613655619 0.833404825194201 0.83678070166432
"pmse140" 0.748545942542982 0.747146499186266 0.779303696696572 0.762203407042032 0.746855052642827 0.777421121817941
"pmse141" 0.810478164333659 0.810038918714332 0.811450493910855 0.83968185838123 0.807590969059805 0.814517042178407
"pmse142" 0.774113861759369 0.773608711904301 0.766875925231196 0.770845082715575 0.764947985992158 0.771087926149049
"pmse143" 0.686680703312569 0.686383886202202 0.677469497812423 0.718842617544277 0.675229760809903 0.679324771738101
"pmse144" 0.911194345066584 0.911038508849952 0.895057454888434 0.929923861771205 0.907669414412308 0.901911029369292
"pmse145" 0.813324576947488 0.812115223334474 0.801531046537678 0.803906407308959 0.800348369091365 0.805791368740029
"pmse146" 0.970628812379366 0.971133411321936 0.967789960205123 0.979055011575854 0.965490075748968 0.966435985181874
"pmse147" 0.741665067935622 0.742259045632892 0.757499634170193 0.752853132107071 0.741847700935256 0.746075973383594
"pmse148" 0.860046247125082 0.860599827708842 0.860000874876314 0.911856947850601 0.858887730967427 0.856862771325601
"pmse149" 0.955873443764786 0.956205727658244 0.914278968699225 0.920201534047979 0.932866180652167 0.922654634223645
"pmse150" 0.642451152650941 0.641602226822116 0.650480183330303 0.689819163270103 0.643297658071923 0.650873694233417
"pmse151" 0.829526928933853 0.830185364190098 0.833796304139464 0.901238323816728 0.827218898580061 0.82728274253719
"pmse152" 0.777761088650692 0.778113019486647 0.774045065382578 0.792866540147905 0.771004155129696 0.772049811968523
"pmse153" 0.831611428948713 0.82833348001468 0.833963581942322 0.95859231909611 0.827211738004805 0.856539477780306
"pmse154" 0.977520977426391 0.978319462867988 0.956877293069344 0.96313521153008 0.960907846569416 0.964017961821531
"pmse155" 0.910746453358531 0.911934945964476 0.894536872257026 0.907558176454036 0.902784436473629 0.892634033955019
"pmse156" 0.862580809649312 0.862390803811129 0.84603143245674 0.920373892412268 0.862191940282816 0.853108581797426
"pmse157" 0.711829666334827 0.709144070297308 0.719733208577783 0.754611022525326 0.696048168576984 0.732989959168256
"pmse158" 0.939260283095984 0.939011932490412 0.957097164661352 0.995073891625616 0.948351509357794 0.957525888346096
"pmse159" 0.667571361139081 0.668037604134691 0.651931775841043 0.663406030786602 0.680074299615196 0.65424025118012
"pmse160" 0.803091227134781 0.80235912127038 0.790827151205609 0.805055134811794 0.788292238111328 0.796452786572474
"pmse161" 0.73147997461408 0.730790539151327 0.736606418861472 0.743516841188226 0.728254785233035 0.73912710317002
"pmse162" 0.931784449722927 0.931726174524432 0.919256568486963 0.948401576555606 0.921129601823799 0.922512796705906
"pmse163" 0.646807588633405 0.647325690642658 0.635519279576123 0.654245167030904 0.640532537413106 0.635956823333988
"pmse164" 0.865965185681305 0.86594954880166 0.847423136914561 0.85293046958474 0.855184748020382 0.852909251925356
"pmse165" 0.691150762647212 0.690622180284316 0.712334494323489 0.710889105699692 0.690192360786953 0.704760045885683
"pmse166" 0.79191853301456 0.78985590239008 0.780430895696593 0.799188450246621 0.780051939345988 0.789992464132304
"pmse167" 0.891221700398624 0.889697378763946 0.888872997747386 0.874015435020535 0.900513131365977 0.921648021692344
"pmse168" 0.847566796726626 0.846979756482808 0.849737409590033 0.834316957329385 0.846841991316323 0.851706846641211
"pmse169" 0.793028016890568 0.7925637899766 0.806387041586249 0.808931512600981 0.837160025022974 0.803852567386993
"pmse170" 0.703651642624016 0.703111435412152 0.689378620919564 0.707791972139934 0.695265832737003 0.694996741146226
"pmse171" 0.8546714118799 0.856607053233205 0.85102527374388 0.826178151757315 0.847227660330653 0.841104555847001
"pmse172" 0.794384473468747 0.794470904410511 0.78719127645895 0.827448542220753 0.786720007790843 0.797461962935437
"pmse173" 0.914119931740285 0.915223577730651 0.907196458515854 0.94489054569058 0.916198918802167 0.902811836616292
"pmse174" 0.714752572885498 0.714692196418115 0.712219328200414 0.725589002529293 0.719688693573757 0.714969138113357
"pmse175" 0.91032273207936 0.911791773254393 0.938141761317654 0.994475138121547 0.913986302554482 0.924703658145104
"pmse176" 0.512623824157506 0.512924774415115 0.551070669328055 0.546830436164802 0.5260655943647 0.53974918425894
"pmse177" 0.922787238346961 0.921493524273552 0.910666605792971 0.93621219089508 0.909040622275088 0.926614001062015
"pmse178" 0.884778975172157 0.885471354041206 0.878788750975713 0.908817967800758 0.884708213668523 0.880998536961289
"pmse179" 0.803950866613675 0.80310336795415 0.829856767400646 0.84631295275895 0.820126639306212 0.824483690519742
"pmse180" 0.743688860338281 0.743930952024055 0.756517716421469 0.773069764276029 0.746877274593296 0.751627830641773
"pmse181" 0.959373830805479 0.959492356502215 0.934943617649903 0.954136240291944 0.943120337318092 0.941453819002812
"pmse182" 0.832417345229463 0.832131553864244 0.866290707610899 0.854159610933796 0.833494577584158 0.857994280945743
"pmse183" 0.944577579378887 0.945158790943805 0.930002951133447 0.931412366968545 0.930339872859994 0.929305663871045
"pmse184" 0.882929969199336 0.882582033310392 0.901552739442887 0.937183070060959 0.901904818783215 0.895569232191557
"pmse185" 0.84029096880939 0.840193825718913 0.834191113490054 0.850790725131501 0.838183614255961 0.83838408656329
"pmse186" 0.8361890854142 0.836075665951817 0.815417382626152 0.819577978566366 0.820883479926709 0.820775692276337
"pmse187" 0.652312547485457 0.652153567967519 0.673897781330977 0.698394181338711 0.658863648009721 0.668674826514586
"pmse188" 0.971036262917409 0.970116189187893 0.940421550487671 0.95621154119303 0.952006760778116 0.943366058010066
"pmse189" 0.725958612663404 0.725009438131882 0.726870339727394 0.755609098915721 0.718504007045721 0.731871373175244
"pmse190" 0.639616735805204 0.638202244840641 0.640342753941418 0.677985423763869 0.631530222442156 0.646823064127223
"pmse191" 0.913132893821291 0.914268702281102 0.92017353519265 0.949067224678594 0.943251151769458 0.910015891671626
"pmse192" 0.88238817131208 0.880714178988655 0.869808400567102 0.913816880570478 0.887602211828518 0.879739536525318
"pmse193" 0.802225904645656 0.800654700109826 0.787615989701002 0.813425358992974 0.781579094824669 0.798770165662444
"pmse194" 0.917011970860833 0.917468511074164 0.902964375632532 0.915909605870824 0.898395069487242 0.90324715205296
"pmse195" 0.902929496714063 0.901582710409996 0.879521922765073 0.933511710817034 0.892018482702367 0.897279672254852
"pmse196" 0.646947961773823 0.644401868542004 0.748986953693775 0.656068399934606 0.653150681306003 0.74805396095897
"pmse197" 0.769328756392143 0.769648911283819 0.770929944471152 0.800768352606236 0.777441394278205 0.764545272410124
"pmse198" 0.840036949269677 0.840553519148045 0.862163290033856 0.905951530288412 0.86366210710099 0.855505802840688
"pmse199" 0.71819131830103 0.718495815177228 0.694790192668044 0.705976027723789 0.704553969155931 0.695795464084179
"pmse200" 0.80994194440221 0.809246063590962 0.814662462303693 0.833415667378132 0.813416638792551 0.820502379967489
"pmse201" 0.613400457904317 0.612492479479786 0.600007739179442 0.612004051639205 0.606330142087407 0.607618463353486
"pmse202" 0.688153986141954 0.687862113237896 0.685193965933467 0.714087017284591 0.681930707253256 0.686690911324707
"pmse203" 0.710631981574765 0.708466330865084 0.753791739990312 0.746258449417572 0.718266344674947 0.756814697567961
"pmse204" 0.790853147245036 0.791360856593463 0.789649784179591 0.793082268484053 0.817502395250686 0.786344822759328
"pmse205" 0.597268211903157 0.594126888539514 0.632070801575236 0.60063863519088 0.608976917320645 0.628479057990739
"pmse206" 0.685070869249889 0.686305795121333 0.711084965449147 0.684237863701022 0.692469310425561 0.698560815999486
"pmse207" 0.791186833389513 0.790656273036576 0.794436669432824 0.834972839372062 0.783464733820916 0.790513525235294
"pmse208" 0.774643608032016 0.774362678776526 0.768707658595922 0.808718990044023 0.768911594925098 0.774444446866458
"pmse209" 0.964832854696872 0.963380173230612 0.945741059701845 0.972722116864749 0.94783523389341 0.968101643178388
"pmse210" 0.754065875035908 0.753754984436505 0.735260560833134 0.754292439977951 0.748256106425513 0.744632140285143
"pmse211" 0.732381503267535 0.731705626808503 0.738574301799107 0.761257356809463 0.72887727634286 0.738020779563741
"pmse212" 0.945135577177792 0.945125922764846 0.931547896772562 0.928138107985431 0.928912164639819 0.928242447613002
"pmse213" 0.734870969348614 0.734064836980201 0.70759614965123 0.759899629742508 0.715154982075324 0.720883140140201
"pmse214" 0.631424418074107 0.63244529345742 0.624017727871947 0.644156902837204 0.648039811640353 0.622205397137332
"pmse215" 0.655121481316447 0.654307731895842 0.639660917749521 0.661797588890178 0.644322377600693 0.645288192255226
"pmse216" 0.95170943633749 0.952606580272422 0.930296905870795 0.963344471300933 0.927244836049681 0.93390073094641
"pmse217" 0.718353960293811 0.717939879710623 0.700405418929512 0.699381051468416 0.707581852503639 0.70395058904731
"pmse218" 0.525608600453836 0.525675936225167 0.558108750392301 0.53467312679873 0.533364694336156 0.551359709669797
"pmse219" 0.763919610165979 0.76277009730081 0.760826714577259 0.798915946950856 0.760675929277595 0.76621208027235
"pmse220" 0.644951355889591 0.645083546827759 0.635767668487627 0.645492927990422 0.632643560541986 0.639848900733797
"pmse221" 0.842866582938416 0.843340897645212 0.836546942745557 0.852583372151679 0.846089795787402 0.8349025266878
"pmse222" 0.746027583315932 0.746127062258211 0.738487894112689 0.771692419187348 0.740246715940258 0.738610433171704
"pmse223" 0.692257038053634 0.691599813207356 0.709250859467056 0.702624283415693 0.691215157663539 0.70733963022895
"pmse224" 0.803520055814753 0.803569088502687 0.806995673471132 0.829487142939594 0.79829524094568 0.806036260468822
"pmse225" 0.826649030018529 0.826406886888789 0.814603745772433 0.853078392846585 0.820672427652841 0.81710062899363
"pmse226" 0.947116260603823 0.947340460895972 0.924383863068555 0.93529463498567 0.927610177687515 0.931128211966154
"pmse227" 0.748821617869601 0.749049542228583 0.755165348851002 0.779603381890394 0.748469861236279 0.749231565349121
"pmse228" 0.5975879422591 0.596920093640244 0.594333138954025 0.606853486636789 0.583308098731292 0.60093314197071
"pmse229" 0.668801924184296 0.667657327162505 0.677717061319496 0.696674181879545 0.666247527250362 0.682723090311925
"pmse230" 0.771953101071536 0.770930917912172 0.759308261116079 0.795035741712485 0.773087640808424 0.770712865438013
"pmse231" 0.75158053664166 0.752631072581668 0.753012110715809 0.765008697396116 0.752807890531178 0.744817845326675
"pmse232" 0.896657864471141 0.897611457043752 0.888249241145154 0.907687125776654 0.897335518216683 0.889498502778052
"pmse233" 0.762265488925485 0.763378461734415 0.773200615343393 0.844739930160913 0.8037345083546 0.762284914985063
"pmse234" 0.83609195077308 0.835419836832491 0.837773284682191 0.858615829099038 0.830163636652054 0.840530165952414
"pmse235" 0.920489617225667 0.919867564417182 0.906052157534818 0.937401499883245 0.905126823691285 0.921842407919559
"pmse236" 0.672515605718856 0.671548216431564 0.686038619497498 0.718899102359502 0.66877960784182 0.685771684343968
"pmse237" 0.839732365766223 0.83964604720277 0.851635363327558 0.865892474085712 0.840290537756321 0.84656130786105
"pmse238" 0.887543959252485 0.890187994980903 0.881099887400502 0.90250751396839 0.888429450923572 0.866822862171853
"pmse239" 0.639277011419438 0.638844203161484 0.638705881954321 0.653206591972568 0.632934612718129 0.640314239224686
"pmse240" 0.630205206164345 0.630613269641481 0.631627137020992 0.654633220022245 0.635748291873861 0.628921005350377
"pmse241" 0.678533444956507 0.679492734435584 0.688656985423943 0.708818236726309 0.680298130108891 0.679824032225011
"pmse242" 0.842802113224144 0.843426859480773 0.834139229098484 0.8754049262659 0.840480963681898 0.833762014524813
"pmse243" 0.912500584965705 0.913189413515563 0.902537707589992 0.912363099948305 0.911448666661649 0.908058952628903
"pmse244" 0.724455865926225 0.725327416231765 0.703335965642248 0.719481437198577 0.716188856316424 0.701641230218417
"pmse245" 0.936377774927233 0.935063433238163 0.90340519291624 0.957078632931449 0.921728348393951 0.923966851165446
"pmse246" 0.780222528642372 0.780845283377287 0.77710216792101 0.79442934892128 0.802324480236331 0.770948854422156
"pmse247" 0.856874223606554 0.857100416605985 0.839463546003888 0.878429019046871 0.833881937601102 0.829695881551267
"pmse248" 0.823270361202951 0.825123639298834 0.833283243166144 0.850583982721472 0.820911998359323 0.820112339702884
"pmse249" 0.69579253020267 0.694240471535691 0.683145933294411 0.714453671661598 0.676010783572351 0.69332978963226
"pmse250" 0.922068257465809 0.921250690653084 0.906906890830837 0.885961737695276 0.910251848987733 0.920311012376315
"pmse251" 0.832771595859899 0.832099060693749 0.807221879659734 0.847538807168101 0.821685101799495 0.816609068427707
