"NIG1" "NIG2" "NIG3" "NIG4" "NIG5" "lasso" "ridge" "null"
"pmse" 0.782791571794404 0.764627850220174 0.764586254491784 0.763588110722214 0.796148504280993 0.773222442637253 0.776801320260711 0.979591836734694
"pmse" 0.845277197433621 0.824677057175114 0.82477362542216 0.823319992356208 0.856317347956629 0.83772628010441 0.835319121683114 0.979591836734694
"pmse" 0.829532978729793 0.821189082614846 0.821029209467223 0.82317920888144 0.849557958913823 0.837891369652987 0.826504571938773 0.979166666666667
"pmse" 0.782707430234335 0.776866177038687 0.776910730018289 0.775373492712486 0.793451748738434 0.796081839326207 0.778826255861196 0.979166666666667
"pmse" 0.799061887302116 0.78892309967215 0.788869112712281 0.787473326158006 0.810825120349143 0.800532980206605 0.794381933608405 0.979166666666667
"pmse" 0.837524784105052 0.815803581673917 0.815739939719141 0.816000597376991 0.845360889465526 0.833367143130024 0.842715814037123 0.979166666666667
"pmse" 0.781111190279234 0.779482373779395 0.779365124448633 0.782654697758751 0.793209303420798 0.796314612677425 0.784016497310055 0.979166666666667
"pmse" 0.774436674261199 0.743534041072486 0.743406915254288 0.745710262074877 0.787888427466431 0.760571963289729 0.765291973100506 0.979166666666667
"pmse" 0.800768375190431 0.801283380736671 0.801023568282991 0.801783767104828 0.814902126131877 0.805840840338981 0.797237239145724 0.979166666666667
"pmse" 0.79800346040812 0.803322436933123 0.803506634272661 0.806091854234868 0.814449753108108 0.793882471294626 0.772867918165523 0.979166666666667
"elbo" -1055.62172128011 -1271.98530898377 -1267.10217384264 -1305.88005578778 NA NA NA NA
"elbo" -1056.47421394469 -1273.68984511834 -1268.91458431537 -1307.66117310607 NA NA NA NA
"elbo" -1052.38810964069 -1273.96271675311 -1268.95148506647 -1311.4889951795 NA NA NA NA
"elbo" -1052.5565721127 -1279.03927099423 -1273.93006625821 -1317.32155296588 NA NA NA NA
"elbo" -1051.99552744828 -1270.71305756174 -1265.66696659959 -1307.3090368965 NA NA NA NA
"elbo" -1054.95851482558 -1270.11372222127 -1265.21015406551 -1304.00049152838 NA NA NA NA
"elbo" -1054.67628167606 -1278.81237530224 -1273.60861814117 -1320.55146063388 NA NA NA NA
"elbo" -1048.38706259066 -1258.79736195609 -1254.45463865889 -1287.7686139433 NA NA NA NA
"elbo" -1050.95341174033 -1273.6367833033 -1268.44754431084 -1313.52529516549 NA NA NA NA
"elbo" -1034.03753101065 -1254.72249027318 -1249.61909241867 -1295.91075546122 NA NA NA NA
"elbot" -635.47271104512 -658.859157729481 -658.851967752302 -658.864752235772 NA NA NA NA
"elbot" -632.740932539995 -656.231558912372 -656.216547874851 -656.252785127951 NA NA NA NA
"elbot" -635.859383631295 -658.210906508289 -658.207470452967 -658.154253473332 NA NA NA NA
"elbot" -637.68985103987 -659.781309906565 -659.75903780065 -659.955790313497 NA NA NA NA
"elbot" -635.198007164721 -657.990191327936 -657.982261155736 -657.974456857316 NA NA NA NA
"elbot" -635.668307137206 -658.671009446191 -658.667678246425 -658.64914124314 NA NA NA NA
"elbot" -636.486496903493 -658.136087322882 -658.126903419809 -658.036399870575 NA NA NA NA
"elbot" -637.472422543922 -661.552063055566 -661.537956162501 -661.543799602285 NA NA NA NA
"elbot" -636.583114684522 -658.494903250267 -658.492272502411 -658.403128886978 NA NA NA NA
"elbot" -639.110105814735 -660.525099292671 -660.515169091216 -660.351423908762 NA NA NA NA
"lpml" 2795.39255840494 3286.84945806591 3292.15724403328 3248.84672786197 NA NA NA NA
"lpml" 2777.6911111997 3340.02741339535 3343.1152127091 3300.39671563507 NA NA NA NA
"lpml" 2431.2739764713 2986.48263211459 2991.99045525327 2934.77202178354 NA NA NA NA
"lpml" 2616.97979033637 3110.0629909389 3115.69015885392 3053.09416355722 NA NA NA NA
"lpml" 2785.07632108127 3376.4721429514 3381.55595826129 3354.271536522 NA NA NA NA
"lpml" 2845.50724770903 3336.60906929205 3342.38628076834 3319.89979041043 NA NA NA NA
"lpml" 2754.49633360705 3372.3947724293 3376.44276324779 3350.57488258328 NA NA NA NA
"lpml" 2330.88324923136 2758.5596920835 2765.32013700128 2732.51877168044 NA NA NA NA
"lpml" 2917.90288778177 3477.77392077011 3482.89647769666 3470.45774889372 NA NA NA NA
"lpml" 2830.64053858807 3485.15011944553 3486.68810963469 3475.95970571896 NA NA NA NA
"brankdist" 1879.71859596058 1847.74078268571 1847.14428239918 1848.01136360143 2074.17019552398 1508.50604904322 1755.86218137985 NA
"brankdist" 1821.34071496796 1823.56957640777 1821.75300191876 1829.04619952586 2036.91826051022 1408.35045354486 1683.53437743338 NA
"brankdist" 1839.24006045975 1833.33575757415 1832.35749786989 1826.04928739615 2015.59023613432 1429.71955291938 1696.93724103162 NA
"brankdist" 1876.43385175177 1845.67115164105 1844.28631182905 1848.00162337591 2074.26854577704 1423.09293442136 1758.14220130227 NA
"brankdist" 1778.37397641778 1755.02706531837 1753.70465016205 1756.8187157473 1999.78148806313 1433.06315283033 1690.86605028311 NA
"brankdist" 1918.84288048813 1885.19760237488 1885.18381066675 1892.39266538422 2027.21187841824 1439.00955521497 1804.39740633819 NA
"brankdist" 1904.3718124358 1869.58712019526 1867.01740752463 1862.77803293898 2143.93470049813 1405.75246754185 1776.27137566308 NA
"brankdist" 1786.45794800773 1784.75040271742 1783.22909352668 1780.92953257562 1969.63397614887 1408.50328363125 1672.64640614805 NA
"brankdist" 1800.14499416019 1777.63663328589 1776.57704589472 1781.6890862325 1952.03944632274 1485.11935547282 1704.35735689438 NA
"brankdist" 1936.41576114222 1893.63301618872 1893.96620877987 1900.93871547717 2075.90943925789 1522.77033724722 1788.75766944547 NA
"brankdist" 1926.69976903512 1919.17534373491 1920.45932005862 1915.90239834914 2057.8065992702 1525.82551427088 1811.71079369749 NA
"brankdist" 1922.38965873207 1911.71232145425 1912.82409018707 1914.99033940122 2173.41114380137 1517.15671570211 1791.74440141444 NA
"brankdist" 1887.81566896771 1860.87398821092 1861.92373635442 1870.6031112986 2025.73838389857 1515.11996224721 1738.97096007955 NA
"brankdist" 1989.98894469291 1971.01699637522 1972.94956853945 1984.12701206349 2151.05648461401 1553.86743321301 1882.09510918019 NA
"brankdist" 2006.24724298876 1963.44747828914 1962.01274205852 1963.42914310652 2013.57145390969 1574.3776548211 1862.31468876772 NA
"brankdist" 1826.82949395941 1823.05348248481 1821.94127237955 1822.01097691534 2058.10543947583 1455.12662679232 1700.90681696559 NA
"brankdist" 1935.04315197362 1919.6968510679 1920.63947684098 1929.54968839882 2062.93916536577 1631.74982763903 1837.15813146283 NA
"brankdist" 1857.48324353142 1848.69629739446 1847.65851823328 1843.86062379997 2020.55388445842 1418.60829688819 1723.84976143514 NA
"brankdist" 1940.23246029954 1933.70887157297 1931.62677554439 1935.78614521336 2042.60177225028 1466.10402086619 1800.1155518466 NA
"brankdist" 1875.51646220448 1868.3484685679 1866.57761692355 1879.00505587399 2045.67397206886 1352.4616445578 1745.71017067553 NA
"brankdist" 1956.04396678602 1950.02974336291 1949.25011222265 1956.73094726894 2035.57854184013 1441.3552650197 1830.84406763656 NA
"brankdist" 1948.04825402247 1933.69852872675 1931.62159855392 1931.91355914285 2101.52706382763 1415.59139584839 1839.3547781763 NA
"brankdist" 1846.29304282933 1846.63044489145 1845.17912409609 1836.85709841566 2029.20378473923 1416.5846250754 1717.9918509702 NA
"brankdist" 1843.44026211863 1844.18816827351 1842.67197297837 1849.75944381966 2064.92760163644 1512.74964881834 1764.69997449991 NA
"brankdist" 1901.19962129178 1904.50466001005 1903.88917744705 1898.0958879888 2080.10432430684 1437.22632177399 1772.83445363632 NA
"brankdist" 1841.76980103378 1835.20080645144 1834.72722768263 1844.36493135171 1989.86029660376 1396.44530863188 1721.52200102119 NA
"brankdist" 1974.44675795525 1955.7218616153 1957.8575024756 1953.81165929575 2051.39269765689 1519.19518166692 1818.06050504377 NA
"brankdist" 1931.22189299935 1919.51712677955 1918.4498950976 1915.96085555003 2079.28256857985 1454.15473729586 1799.26151517782 NA
"brankdist" 1845.91115712539 1849.57130168047 1848.94077785093 1842.76205734761 2132.60169745783 1465.68874594847 1732.2528683769 NA
"brankdist" 1824.29931754633 1824.83369105242 1824.16501446552 1831.29462402968 2086.61831679874 1497.142945747 1721.36167030639 NA
"brankdist" 1864.74395025162 1864.82117105099 1863.94420517353 1868.15845152385 2132.64858802382 1456.44739005568 1739.61834894899 NA
"brankdist" 1936.6925414221 1910.38896562977 1911.43244714533 1919.03777972191 2129.35154448485 1475.73252996605 1836.5647279636 NA
"brankdist" 1980.19190989156 1964.43834212225 1962.92740568774 1957.78803755667 2226.68408176822 1453.34699917122 1834.7702853491 NA
"brankdist" 1824.54816324481 1831.27114322265 1829.79998906984 1828.76461033125 1963.932789074 1436.6285184417 1692.89160905239 NA
"brankdist" 1937.2883110162 1935.42036777543 1936.33209961515 1941.55247160616 2134.96604188451 1497.52479111366 1831.02703420785 NA
"brankdist" 1981.23446366148 1943.47317964514 1944.28290122605 1952.40313460105 2053.20383790797 1437.14613035697 1848.77743387353 NA
"brankdist" 1923.08138153329 1884.49940302458 1882.171618105 1882.1498346306 1965.95574721304 1443.09563092679 1785.85721713691 NA
"brankdist" 1779.46227833017 1772.74814906123 1771.82448340686 1771.3954950829 2117.76391507647 1403.80536400172 1658.38294733153 NA
"brankdist" 1830.76541369996 1828.56227676281 1827.90098200094 1842.99050458758 1989.3803055223 1519.62133441196 1775.46500951159 NA
"brankdist" 2040.25390576761 2001.6473215829 2001.21063359158 2002.50842694856 2188.49811514655 1515.68499365798 1931.36066026001 NA
"brankdist" 1918.5583129006 1912.43875718936 1911.98221749053 1912.18461451817 2118.94785211907 1438.87490769698 1788.22705493458 NA
"brankdist" 1981.67959065032 1967.57769859287 1969.38315215704 1971.06620893363 2137.02831052843 1582.06463205521 1892.05708159136 NA
"brankdist" 1891.0817010378 1884.377881424 1883.9962844974 1891.33392080827 2134.3415846579 1465.74912587387 1769.57509024059 NA
"brankdist" 1867.63700969969 1871.44703371482 1870.84686706315 1884.95092774321 2035.27885067378 1522.61337837286 1774.64588016877 NA
"brankdist" 1813.96196211497 1812.02980107944 1813.16243067189 1818.95684390807 1982.02926315431 1517.82442989958 1736.26668458506 NA
