beta[1,1]	1	500
beta[1,2]	501	1000
beta[1,3]	1001	1500
beta[1,4]	1501	2000
beta[1,5]	2001	2500
beta[2,1]	2501	3000
beta[2,2]	3001	3500
beta[2,3]	3501	4000
beta[2,4]	4001	4500
beta[2,5]	4501	5000
beta[3,1]	5001	5500
beta[3,2]	5501	6000
beta[3,3]	6001	6500
beta[3,4]	6501	7000
beta[3,5]	7001	7500
beta[4,1]	7501	8000
beta[4,2]	8001	8500
beta[4,3]	8501	9000
beta[4,4]	9001	9500
beta[4,5]	9501	10000
beta[5,1]	10001	10500
beta[5,2]	10501	11000
beta[5,3]	11001	11500
beta[5,4]	11501	12000
beta[5,5]	12001	12500
beta[6,1]	12501	13000
beta[6,2]	13001	13500
beta[6,3]	13501	14000
beta[6,4]	14001	14500
beta[6,5]	14501	15000
beta[7,1]	15001	15500
beta[7,2]	15501	16000
beta[7,3]	16001	16500
beta[7,4]	16501	17000
beta[7,5]	17001	17500
beta[8,1]	17501	18000
beta[8,2]	18001	18500
beta[8,3]	18501	19000
beta[8,4]	19001	19500
beta[8,5]	19501	20000
beta[9,1]	20001	20500
beta[9,2]	20501	21000
beta[9,3]	21001	21500
beta[9,4]	21501	22000
beta[9,5]	22001	22500
beta[10,1]	22501	23000
beta[10,2]	23001	23500
beta[10,3]	23501	24000
beta[10,4]	24001	24500
beta[10,5]	24501	25000
beta0[1]	25001	25500
beta0[2]	25501	26000
beta0[3]	26001	26500
beta0[4]	26501	27000
beta0[5]	27001	27500
deviance	27501	28000
gamma[1]	28001	28500
gamma[2]	28501	29000
gamma[3]	29001	29500
gamma[4]	29501	30000
gamma[5]	30001	30500
sigma[1]	30501	31000
sigma[2]	31001	31500
sigma[3]	31501	32000
sigma[4]	32001	32500
sigma[5]	32501	33000
tau[1]	33001	33500
tau[2]	33501	34000
tau[3]	34001	34500
tau[4]	34501	35000
tau[5]	35001	35500
u[1,1]	35501	36000
u[1,2]	36001	36500
u[1,3]	36501	37000
u[1,4]	37001	37500
u[1,5]	37501	38000
u[2,1]	38001	38500
u[2,2]	38501	39000
u[2,3]	39001	39500
u[2,4]	39501	40000
u[2,5]	40001	40500
u[3,1]	40501	41000
u[3,2]	41001	41500
u[3,3]	41501	42000
u[3,4]	42001	42500
u[3,5]	42501	43000
u[4,1]	43001	43500
u[4,2]	43501	44000
u[4,3]	44001	44500
u[4,4]	44501	45000
u[4,5]	45001	45500
u[5,1]	45501	46000
u[5,2]	46001	46500
u[5,3]	46501	47000
u[5,4]	47001	47500
u[5,5]	47501	48000
