"NIG1" "NIG2" "lasso" "ridge" "null"
"emse" 0.019475289975764 0.0167765027498137 0.0197039452629995 0.0274767454981493 0.177881098784423
"emse" 0.0194259309560678 0.0171432103335055 0.0200225694779089 0.0297397320768217 0.217642753376567
"emse" 0.0205458977880903 0.0169974354011968 0.0204507447647993 0.0320765097677207 0.201491790360534
"emse" 0.0197033820133681 0.0175629449104126 0.0210315165321727 0.0303284793889752 0.215656327371196
"emse" 0.0203719541089051 0.0177927673774243 0.0204642665433394 0.0350993662353284 0.252329099029349
"emse" 0.0197273731893164 0.0173056536356134 0.0205512738531982 0.0334869346444337 0.240509795269979
"emse" 0.0182302271809723 0.0161823546202284 0.0191205644874712 0.0292321574353109 0.234605919974818
"emse" 0.018900437701808 0.0165105439967685 0.0189721934552491 0.0272974035354068 0.188246206978682
"emse" 0.0190250481970265 0.0167124772411018 0.0206005344722846 0.0289582838532854 0.204765909634391
"emse" 0.0209458994469993 0.0186556971643086 0.0218976971030134 0.0317054211344106 0.246444327793711
"emse" 0.0177974185754799 0.0154116485835901 0.0183762780485256 0.0264825753828826 0.196508982343726
"emse" 0.0210969188325236 0.0187964114405776 0.0222077970932821 0.0400501649556752 0.339902280499682
"emse" 0.0170240851827602 0.014904285324982 0.017161764892471 0.0240149923809942 0.165503019114427
"emse" 0.0204974276873347 0.0179823879013164 0.0209717428673172 0.0298139725476291 0.203188034647365
"emse" 0.019201936786561 0.0169000116716577 0.0203709489430876 0.0299694204989851 0.213151585807771
"emse" 0.018267179074495 0.0160485810385343 0.0183692354673528 0.0262816264686773 0.190678088202894
"emse" 0.0195955378051519 0.017357972915282 0.0204724207681062 0.0294258560833188 0.197905488005493
"emse" 0.0206702794650336 0.018296303515856 0.0214331498346922 0.0344914671977462 0.24081457087667
"emse" 0.0170586511141278 0.0151554994240713 0.0176964509795716 0.0259337239392316 0.174065623348189
"emse" 0.0212708189373734 0.0185029770295677 0.0218116078479499 0.0334587362374206 0.231329075589813
"emse" 0.0163983746969419 0.0143838947702571 0.016971267363398 0.0245825424921929 0.182458734647351
"emse" 0.0187140618848929 0.0164405544028539 0.0191855634485859 0.0263649183300809 0.181590779421931
"emse" 0.0205719413816466 0.0176388258063573 0.0205980073435573 0.0332023668474518 0.222374286804516
"emse" 0.0196722464509042 0.0174332473583435 0.020353326163963 0.0282055809067553 0.197118003035623
"emse" 0.0207892481519572 0.0186446157983496 0.0232059128070864 0.0327515867763088 0.263651127961399
"emse" 0.0206938315919479 0.0187228901011914 0.0214708914255605 0.0286515879679152 0.202050023639479
"emse" 0.0209313282218422 0.0183399883448858 0.022706905248403 0.0332440982936186 0.227886324228407
"emse" 0.0202479794999111 0.0172824221882205 0.0200249129646111 0.0305841672506341 0.208925309567168
"emse" 0.0189191764030915 0.0169176651147397 0.0207819909695337 0.0301126159040136 0.218081852641645
"emse" 0.0194520863513121 0.0171445824033047 0.0198688487862745 0.028335413580098 0.217295647240364
"emse" 0.0204140872965189 0.0180077856040278 0.02084423590386 0.0325785238680094 0.232313944693045
"emse" 0.0208572000134635 0.0188073574174124 0.0217557490281984 0.032845289805532 0.235373256984231
"emse" 0.0173083385656803 0.0154506744529255 0.018137584880199 0.0240001281526598 0.158748961973666
"emse" 0.0189406316367815 0.0166640541289019 0.018779190545994 0.0286496530055567 0.189530906284221
"emse" 0.0199370103943214 0.01672066704573 0.0203763948133411 0.031289234796897 0.225019405506241
"emse" 0.0204962480350634 0.0180061752517681 0.0210121722894958 0.028824216071697 0.202192897329596
"emse" 0.0215115223175464 0.0193612275611855 0.0217314425700646 0.0456562664579578 0.333473441802845
"emse" 0.0192781965033968 0.0167843807547766 0.0197289398711707 0.0303259901655506 0.204414583974776
"emse" 0.0182780550669376 0.0160533244271635 0.0189897750098363 0.0255946506218092 0.173185144838439
"emse" 0.0190730733301998 0.0167293510091091 0.019168344320967 0.027965805616556 0.189053541414589
"emse" 0.018404010139863 0.016015776459219 0.0188962762029474 0.0243568120827555 0.16414105992373
"emse" 0.0179005554162688 0.0158714447734373 0.0188074240651132 0.0292652715135965 0.213032075990507
"emse" 0.0204560825165508 0.018155469489029 0.0208534932174829 0.0324984416446083 0.238393189098253
"emse" 0.0186174370498658 0.0161137510968514 0.0188612975571111 0.0299885845771831 0.24583570091003
"emse" 0.0189936629954956 0.0169413917178168 0.0195075613899085 0.0299925317045712 0.221081217524738
"emse" 0.0217842805304502 0.0196129756152392 0.0224000454708253 0.0345039845917333 0.246803719705284
"emse" 0.0185018501244469 0.0159779527285991 0.0202481152589665 0.0287433254103561 0.204529796660749
"emse" 0.0197019699191299 0.017510491402166 0.0202788573718401 0.0339422879022086 0.252564559844502
"emse" 0.019828582705337 0.0173215800474475 0.0198993571600906 0.0318879677784167 0.236507519598461
"emse" 0.0201894466075681 0.0178217136082725 0.020311263874683 0.0304078609122805 0.220609327521307
"pmse" 1.48132222256855 1.42612014540344 1.48191343803119 1.69430439256685 19.1115651000298
"pmse" 1.55835240618384 1.51678103289581 1.57983343027874 1.82394420215225 23.112427113638
"pmse" 1.50236667531241 1.44620772265482 1.52237100815852 1.73898531024473 20.541246430256
"pmse" 1.63507420565381 1.58246754606219 1.64886475443528 1.92277408740155 21.4086056038127
"pmse" 1.49389182610727 1.44563979857943 1.49936001587308 1.85234509908619 27.6646202956317
"pmse" 1.62368497953628 1.56708254925518 1.62587865810703 1.95165266439119 25.6866172534363
"pmse" 1.47962733711097 1.43419401676287 1.49126599416578 1.76564071180402 23.5650245579295
"pmse" 1.51209803637123 1.45496767386524 1.50673369297376 1.70789340877785 19.5589556334192
"pmse" 1.49201556773935 1.4437313116144 1.51905230083003 1.74219826818411 23.8786462126733
"pmse" 1.59605998162979 1.54394026991053 1.62303807512922 1.88141389919976 26.8679283255295
"pmse" 1.43247343778643 1.37814794963908 1.43748960301488 1.64406789437728 20.3307886419653
"pmse" 1.57469945750237 1.52111556132572 1.60271364980243 2.01398172353901 28.5882386190599
"pmse" 1.3210922950937 1.27459799299011 1.33268700341841 1.50815744293674 17.5795898312617
"pmse" 1.56472668987172 1.52887278442368 1.57688491869933 1.7927989933032 20.7903087844214
"pmse" 1.53975549551034 1.48732337800955 1.56238076173311 1.81742646031741 23.7491552797122
"pmse" 1.47400447476087 1.42746991354982 1.47367851571378 1.6694522906906 21.7965883819119
"pmse" 1.6075610047382 1.56127854629928 1.63358369175734 1.89076336794174 24.3628546941576
"pmse" 1.63075242780011 1.58854860096302 1.65401526243546 1.95847122843605 24.3250937724556
"pmse" 1.3980371080135 1.35278309203714 1.40806505508095 1.59819312060465 17.8570714315756
"pmse" 1.68783949303696 1.62273160170633 1.69760624099845 1.97902184334073 23.6485042060019
"pmse" 1.33549350737871 1.28666180117666 1.34629179936718 1.53431335747541 18.3796648514892
"pmse" 1.4623099561378 1.41478716269617 1.46647824781188 1.65792565480338 17.7054985588199
"pmse" 1.51223889574499 1.46488487305677 1.52209408311979 1.77865995154697 22.339800514959
"pmse" 1.58512045911866 1.53786979031397 1.60156607945419 1.80530119844089 21.5155357585418
"pmse" 1.65011184610224 1.60032255200391 1.67175751853906 1.96169568163371 28.2950161398653
"pmse" 1.67698076203281 1.63065181149562 1.70946057442424 1.90503985115864 22.143840696821
"pmse" 1.49386099784321 1.44287824746445 1.5227663418089 1.80508656872388 24.3468245910464
"pmse" 1.53133465237346 1.47541006977809 1.53616331917963 1.79382953092588 22.2612562862011
"pmse" 1.57030871138262 1.52249249682044 1.60671537190559 1.87629420492316 24.2856367966713
"pmse" 1.5005419677676 1.44915254586544 1.50682378639622 1.74716029772959 21.5850317574047
"pmse" 1.59113683075344 1.5446641053521 1.60912299951676 1.86815098854186 23.9344283232197
"pmse" 1.70446501641999 1.65273339550837 1.7186616304122 2.03091002607129 24.967031777862
"pmse" 1.43128622703508 1.39136745004365 1.44248402249475 1.59928904393603 16.2446392355121
"pmse" 1.52416004179898 1.47292289644536 1.52982450234512 1.77866924705708 20.6009337837161
"pmse" 1.48758275898608 1.42935540267792 1.48606658662638 1.73726248298878 24.2533040448893
"pmse" 1.58839415988037 1.53987315260993 1.59505183177601 1.79444211978927 20.858120089077
"pmse" 1.72787496371317 1.67950231167562 1.73118340087271 2.31705220968446 36.2869769445416
"pmse" 1.46191155554583 1.41575727234044 1.48153327500886 1.70664974008981 21.4241122166871
"pmse" 1.50655966789957 1.4583848263999 1.51862209608008 1.65957851997671 17.6002787497573
"pmse" 1.55294335963324 1.4972543746671 1.55407816750787 1.7865623254282 23.2385071215118
"pmse" 1.51689978712082 1.46668623160771 1.52756062610098 1.66649758257779 17.0457960812559
"pmse" 1.42507551491396 1.37942572971455 1.43587017950735 1.67738590702905 21.8370019001677
"pmse" 1.56761324382038 1.51602415338167 1.568588214683 1.85776329001911 24.1879086856971
"pmse" 1.48926611573609 1.43658818018252 1.49703277338418 1.77224373928428 23.7193436892018
"pmse" 1.48978388048211 1.44073297774787 1.4955817453321 1.72819853946308 24.971570061347
"pmse" 1.72103991765788 1.66389574649988 1.73001286931441 2.04128754618267 28.1008723381686
"pmse" 1.4742756852706 1.42425304465866 1.51643628158371 1.7576639626569 24.8090476001104
"pmse" 1.57878029276684 1.52848125385126 1.57969167734742 1.91417793445194 26.3594755896391
"pmse" 1.5059538834911 1.45236311283233 1.52215078505977 1.85026126243135 24.1472985823382
"pmse" 1.53787481685176 1.48926009036352 1.54264935950851 1.76671862048908 21.9000564864115
"pmset" 0.613300195399662 0.629774900253141 0.632212604152379 0.774810888521609 18.9583226162603
"pmset" 0.653898342683234 0.669974158829651 0.673782029743036 0.862469645456051 22.9273538014718
"pmset" 0.623776075925546 0.637591882444793 0.654906858664582 0.811781114444414 20.700179976419
"pmset" 0.691868492011587 0.707621841884878 0.72802970012583 0.881258335759714 20.8596012842014
"pmset" 0.628176249658375 0.64295047070011 0.662072444453796 0.873125175976807 27.158689086739
"pmset" 0.692748283299042 0.709258842821061 0.717933836778851 0.917462591127112 24.6762648882202
"pmset" 0.607351961412626 0.62425498234193 0.640696265257643 0.814887537388381 23.0828723930142
"pmset" 0.624701319778731 0.637611123111934 0.652483543837557 0.799922594606724 19.9735414164284
"pmset" 0.620828189653144 0.63705169711161 0.656254085977679 0.820697197099194 24.3271107993934
"pmset" 0.661244080686571 0.67496839520384 0.698859947126865 0.880543953978464 27.0329686492417
"pmset" 0.585371574069608 0.598723435817816 0.614830030397342 0.760570953282478 20.601810620041
"pmset" 0.614845832547575 0.629543578681714 0.656583353033914 0.910842719416321 28.2652740912054
"pmset" 0.544706348246527 0.559598481859953 0.572888425347057 0.685402682335998 17.2126679671246
"pmset" 0.665056809708568 0.683176719105253 0.695813860092116 0.845932634036361 20.7940178256795
"pmset" 0.628246006833098 0.644077447313616 0.661433610290501 0.829708999351882 23.9358039903822
"pmset" 0.636607216444777 0.651687806001987 0.662449851027166 0.808893351300035 21.8510597856851
"pmset" 0.665151055617668 0.67973921607497 0.701043519309485 0.860332829797926 23.6955168194052
"pmset" 0.655729636273018 0.670525173375119 0.689015547139738 0.878787539029908 23.9467325471446
"pmset" 0.60332476417074 0.614806816283854 0.624743797503942 0.756397916497706 17.4893586238734
"pmset" 0.691498720818985 0.708566847404009 0.720430101636641 0.917325362903666 23.4376523518806
"pmset" 0.563848592878305 0.576068589670054 0.602111751767357 0.730219701586526 18.5775296345753
"pmset" 0.59526158004844 0.611076784807847 0.619845134795012 0.756161041864824 17.6486382816271
"pmset" 0.610894972962086 0.625846826884916 0.631493939757119 0.82037136187787 22.4315783062653
"pmset" 0.648036887235757 0.663413725705716 0.684823200311212 0.823271137272961 22.246706426277
"pmset" 0.68980154333242 0.703066205675559 0.723218789549843 0.930614677293622 27.8954369230845
"pmset" 0.707670434895783 0.727251761792163 0.74409408517126 0.895422226291292 22.1023872556821
"pmset" 0.62076862948701 0.635288484698241 0.651290788235878 0.833226509382442 24.2201150200611
"pmset" 0.623898965033175 0.638710920973863 0.652740507851458 0.823950665218163 22.2063531568418
"pmset" 0.659999875473044 0.676154840881118 0.7011746789124 0.873457072195195 24.6888584055161
"pmset" 0.618933031390305 0.634530116633067 0.644063772889296 0.810704100236663 21.415377851378
"pmset" 0.666313365042453 0.680507207036927 0.691788671104659 0.877706909868196 23.9563320632789
"pmset" 0.6940948122874 0.711635428696798 0.719753131262824 0.916232643753917 24.6807854040955
"pmset" 0.595920126260197 0.609243323383131 0.625816234933908 0.737939309220686 15.9971883565061
"pmset" 0.627975519688513 0.640642143622769 0.654527232253615 0.810420693483369 19.9910785852888
"pmset" 0.642394487290544 0.658810018042404 0.676646877402491 0.846142132911755 24.2631492539294
"pmset" 0.669754654703976 0.68504883637411 0.704112350434715 0.843394712087493 20.3284390063643
"pmset" 0.705259465783275 0.722683201275029 0.744532495493388 1.07207451784923 35.9705145230436
"pmset" 0.583215604073234 0.596317620627175 0.617508204797237 0.763488279603228 21.3176506428058
"pmset" 0.644576084014425 0.660681326392492 0.682134630777619 0.789366524736514 17.6771030411736
"pmset" 0.641581803542157 0.658222247729183 0.672394564944889 0.824047808604154 23.1616860054508
"pmset" 0.624223039164974 0.638898245884563 0.648374602704228 0.766888375619663 16.5098442029126
"pmset" 0.597139651984509 0.612908199386752 0.629772276340515 0.78965146511024 22.0205176389315
"pmset" 0.668196671404326 0.68590952798202 0.688973317684388 0.859319233240524 24.0913082210405
"pmset" 0.618048950103079 0.634028801962245 0.654698886129059 0.836425983046369 23.8202004700618
"pmset" 0.627920769272301 0.642031198069885 0.647072791787438 0.82710809712613 25.7594267907809
"pmset" 0.716066421455883 0.732521907922481 0.74154321774374 0.946443906973155 27.7826361397069
"pmset" 0.641841677529453 0.654500613417467 0.684372965939105 0.835762877219376 24.1482987600409
"pmset" 0.656601963367317 0.671993007843817 0.692480813375484 0.910259480479632 27.1184028254569
"pmset" 0.596185965306771 0.612124349402766 0.611640667108909 0.832835821911601 24.3896527761186
"pmset" 0.667497077756555 0.682259269790256 0.687048640610911 0.870228510462503 22.0274291900562
"alphaf0" NA 0.558945554049315 NA NA NA
"alphaf0" NA 0.547805398258051 NA NA NA
"alphaf0" NA 0.569382795394783 NA NA NA
"alphaf0" NA 0.55929481343806 NA NA NA
"alphaf0" NA 0.542810268467457 NA NA NA
"alphaf0" NA 0.580086091186289 NA NA NA
"alphaf0" NA 0.552148843801241 NA NA NA
"alphaf0" NA 0.564345268849094 NA NA NA
"alphaf0" NA 0.558884120379245 NA NA NA
"alphaf0" NA 0.5745249775891 NA NA NA
"alphaf0" NA 0.576343167410627 NA NA NA
"alphaf0" NA 0.519471950633991 NA NA NA
"alphaf0" NA 0.551850816900317 NA NA NA
"alphaf0" NA 0.561822319775723 NA NA NA
"alphaf0" NA 0.562369758664694 NA NA NA
"alphaf0" NA 0.548332894853666 NA NA NA
"alphaf0" NA 0.557475376641378 NA NA NA
"alphaf0" NA 0.552661838183062 NA NA NA
"alphaf0" NA 0.564467027832034 NA NA NA
"alphaf0" NA 0.562315772639729 NA NA NA
"alphaf0" NA 0.573269159309626 NA NA NA
"alphaf0" NA 0.564362070766444 NA NA NA
"alphaf0" NA 0.547311239035906 NA NA NA
"alphaf0" NA 0.584525107594405 NA NA NA
"alphaf0" NA 0.577545313418377 NA NA NA
"alphaf0" NA 0.56193876660716 NA NA NA
"alphaf0" NA 0.544264256011472 NA NA NA
"alphaf0" NA 0.571341521137648 NA NA NA
"alphaf0" NA 0.591543284493699 NA NA NA
"alphaf0" NA 0.547478255809832 NA NA NA
"alphaf0" NA 0.56308407315977 NA NA NA
"alphaf0" NA 0.550279185660231 NA NA NA
"alphaf0" NA 0.588995817886772 NA NA NA
"alphaf0" NA 0.59218694216498 NA NA NA
"alphaf0" NA 0.53103745507567 NA NA NA
"alphaf0" NA 0.569203203060426 NA NA NA
"alphaf0" NA 0.606820804124333 NA NA NA
"alphaf0" NA 0.574156353714403 NA NA NA
"alphaf0" NA 0.57601538795336 NA NA NA
"alphaf0" NA 0.556937160744387 NA NA NA
"alphaf0" NA 0.578968370158731 NA NA NA
"alphaf0" NA 0.564205520199687 NA NA NA
"alphaf0" NA 0.532837170876737 NA NA NA
"alphaf0" NA 0.561228101761648 NA NA NA
"alphaf0" NA 0.576886481315192 NA NA NA
"alphaf0" NA 0.567528104287418 NA NA NA
"alphaf0" NA 0.563678392394013 NA NA NA
"alphaf0" NA 0.536436492559748 NA NA NA
"alphaf0" NA 0.562822178066616 NA NA NA
"alphaf0" NA 0.541317490356708 NA NA NA
"alphaf1" NA 0.571830111407182 NA NA NA
"alphaf1" NA 0.557169685831988 NA NA NA
"alphaf1" NA 0.566300616206792 NA NA NA
"alphaf1" NA 0.497138811577458 NA NA NA
"alphaf1" NA 0.515769700268723 NA NA NA
"alphaf1" NA 0.536605984021482 NA NA NA
"alphaf1" NA 0.542993584600733 NA NA NA
"alphaf1" NA 0.626241119118594 NA NA NA
"alphaf1" NA 0.533177486881685 NA NA NA
"alphaf1" NA 0.547528116206278 NA NA NA
"alphaf1" NA 0.50378086130167 NA NA NA
"alphaf1" NA 0.491254470826748 NA NA NA
"alphaf1" NA 0.526699010231594 NA NA NA
"alphaf1" NA 0.495369273327918 NA NA NA
"alphaf1" NA 0.518248822562901 NA NA NA
"alphaf1" NA 0.514761050343637 NA NA NA
"alphaf1" NA 0.539686779863834 NA NA NA
"alphaf1" NA 0.579842671274106 NA NA NA
"alphaf1" NA 0.549915261384443 NA NA NA
"alphaf1" NA 0.494210543324881 NA NA NA
"alphaf1" NA 0.478179441712111 NA NA NA
"alphaf1" NA 0.518297022147962 NA NA NA
"alphaf1" NA 0.567073726146882 NA NA NA
"alphaf1" NA 0.533326394380501 NA NA NA
"alphaf1" NA 0.532933068885009 NA NA NA
"alphaf1" NA 0.53257580132945 NA NA NA
"alphaf1" NA 0.602164681759552 NA NA NA
"alphaf1" NA 0.459699368742386 NA NA NA
"alphaf1" NA 0.462131582582583 NA NA NA
"alphaf1" NA 0.57890138573145 NA NA NA
"alphaf1" NA 0.524349183720711 NA NA NA
"alphaf1" NA 0.558467348214666 NA NA NA
"alphaf1" NA 0.552772435339542 NA NA NA
"alphaf1" NA 0.476593465794437 NA NA NA
"alphaf1" NA 0.545971122186935 NA NA NA
"alphaf1" NA 0.511485755660237 NA NA NA
"alphaf1" NA 0.519697028861328 NA NA NA
"alphaf1" NA 0.481880708915712 NA NA NA
"alphaf1" NA 0.54606285231558 NA NA NA
"alphaf1" NA 0.500157042892039 NA NA NA
"alphaf1" NA 0.519301798637681 NA NA NA
"alphaf1" NA 0.55613565251456 NA NA NA
"alphaf1" NA 0.438993245439344 NA NA NA
"alphaf1" NA 0.484299998767721 NA NA NA
"alphaf1" NA 0.50565146201829 NA NA NA
"alphaf1" NA 0.60078235395016 NA NA NA
"alphaf1" NA 0.576807239555612 NA NA NA
"alphaf1" NA 0.562410833883398 NA NA NA
"alphaf1" NA 0.499025588553505 NA NA NA
"alphaf1" NA 0.570768208535817 NA NA NA
"alphaf2" NA 1.69777998110757 NA NA NA
"alphaf2" NA 1.61376342002355 NA NA NA
"alphaf2" NA 1.5209408794818 NA NA NA
"alphaf2" NA 1.58201424300158 NA NA NA
"alphaf2" NA 1.71132734336543 NA NA NA
"alphaf2" NA 1.61615222663686 NA NA NA
"alphaf2" NA 1.57997476658976 NA NA NA
"alphaf2" NA 1.62814876931109 NA NA NA
"alphaf2" NA 1.6436202811094 NA NA NA
"alphaf2" NA 1.56183565274001 NA NA NA
"alphaf2" NA 1.5016611273192 NA NA NA
"alphaf2" NA 1.64352536854061 NA NA NA
"alphaf2" NA 1.68050438983981 NA NA NA
"alphaf2" NA 1.65026818932698 NA NA NA
"alphaf2" NA 1.6220828421194 NA NA NA
"alphaf2" NA 1.58672462938608 NA NA NA
"alphaf2" NA 1.74588582608363 NA NA NA
"alphaf2" NA 1.58383753247293 NA NA NA
"alphaf2" NA 1.63336611512393 NA NA NA
"alphaf2" NA 1.58625232718137 NA NA NA
"alphaf2" NA 1.62504597283069 NA NA NA
"alphaf2" NA 1.70080617723472 NA NA NA
"alphaf2" NA 1.58344151869105 NA NA NA
"alphaf2" NA 1.47430845613672 NA NA NA
"alphaf2" NA 1.60004012232092 NA NA NA
"alphaf2" NA 1.80587779120733 NA NA NA
"alphaf2" NA 1.70671065597209 NA NA NA
"alphaf2" NA 1.59522051232776 NA NA NA
"alphaf2" NA 1.5912736268444 NA NA NA
"alphaf2" NA 1.67273092227676 NA NA NA
"alphaf2" NA 1.51991978352266 NA NA NA
"alphaf2" NA 1.61452336832576 NA NA NA
"alphaf2" NA 1.61774957975795 NA NA NA
"alphaf2" NA 1.62909916124526 NA NA NA
"alphaf2" NA 1.73263525777251 NA NA NA
"alphaf2" NA 1.60362658104593 NA NA NA
"alphaf2" NA 1.4420070731623 NA NA NA
"alphaf2" NA 1.48990759594638 NA NA NA
"alphaf2" NA 1.68383110549499 NA NA NA
"alphaf2" NA 1.64154569852903 NA NA NA
"alphaf2" NA 1.48044395250117 NA NA NA
"alphaf2" NA 1.674434803239 NA NA NA
"alphaf2" NA 1.63723417455816 NA NA NA
"alphaf2" NA 1.67153580502977 NA NA NA
"alphaf2" NA 1.59951012356256 NA NA NA
"alphaf2" NA 1.53624974794325 NA NA NA
"alphaf2" NA 1.64639517510964 NA NA NA
"alphaf2" NA 1.55818531710904 NA NA NA
"alphaf2" NA 1.55318837277052 NA NA NA
"alphaf2" NA 1.56016324087906 NA NA NA
"alphaf3" 1 3.3635173705156 NA NA NA
"alphaf3" 1 3.43408120172815 NA NA NA
"alphaf3" 1 3.42881848084004 NA NA NA
"alphaf3" 1 3.52169059245768 NA NA NA
"alphaf3" 1 3.40076172158504 NA NA NA
"alphaf3" 1 3.39097224140483 NA NA NA
"alphaf3" 1 3.28569412521966 NA NA NA
"alphaf3" 1 3.29337675189109 NA NA NA
"alphaf3" 1 3.38450120244487 NA NA NA
"alphaf3" 1 3.27563383816874 NA NA NA
"alphaf3" 1 3.3729103720464 NA NA NA
"alphaf3" 1 3.4362937183508 NA NA NA
"alphaf3" 1 3.31965760427275 NA NA NA
"alphaf3" 1 3.38323411949526 NA NA NA
"alphaf3" 1 3.49891664404383 NA NA NA
"alphaf3" 1 3.45721894386454 NA NA NA
"alphaf3" 1 3.35145563257279 NA NA NA
"alphaf3" 1 3.37423678471376 NA NA NA
"alphaf3" 1 3.33459654056583 NA NA NA
"alphaf3" 1 3.31708125311843 NA NA NA
"alphaf3" 1 3.29611232956488 NA NA NA
"alphaf3" 1 3.34401389200402 NA NA NA
"alphaf3" 1 3.33827791986694 NA NA NA
"alphaf3" 1 3.30369333462977 NA NA NA
"alphaf3" 1 3.40342899157732 NA NA NA
"alphaf3" 1 3.30794557317495 NA NA NA
"alphaf3" 1 3.26688501346186 NA NA NA
"alphaf3" 1 3.29599962461067 NA NA NA
"alphaf3" 1 3.40493790960153 NA NA NA
"alphaf3" 1 3.25297899405564 NA NA NA
"alphaf3" 1 3.42321856261357 NA NA NA
"alphaf3" 1 3.30836643379807 NA NA NA
"alphaf3" 1 3.29815368091656 NA NA NA
"alphaf3" 1 3.35053156907093 NA NA NA
"alphaf3" 1 3.38613848023385 NA NA NA
"alphaf3" 1 3.36301028452573 NA NA NA
"alphaf3" 1 3.33046785109407 NA NA NA
"alphaf3" 1 3.30118210877404 NA NA NA
"alphaf3" 1 3.32299292095522 NA NA NA
"alphaf3" 1 3.41691708477957 NA NA NA
"alphaf3" 1 3.53251396476233 NA NA NA
"alphaf3" 1 3.30314118872402 NA NA NA
"alphaf3" 1 3.59473260748005 NA NA NA
"alphaf3" 1 3.39175289883008 NA NA NA
"alphaf3" 1 3.25497286001153 NA NA NA
"alphaf3" 1 3.38040119256568 NA NA NA
"alphaf3" 1 3.38034922969217 NA NA NA
"alphaf3" 1 3.37266282313119 NA NA NA
"alphaf3" 1 3.33523093209508 NA NA NA
"alphaf3" 1 3.44558899470064 NA NA NA
"lambdaf" 5.32722032445303 5.70117965502502 NA NA NA
"lambdaf" 4.76145693760455 5.40226629469163 NA NA NA
"lambdaf" 5.41021477171966 5.94789407572792 NA NA NA
"lambdaf" 4.59378427041506 5.86109174550749 NA NA NA
"lambdaf" 4.28452534369887 6.33826434505939 NA NA NA
"lambdaf" 4.70589360224029 6.47857711861023 NA NA NA
"lambdaf" 3.80945453666246 5.37542839785108 NA NA NA
"lambdaf" 5.13905312983939 6.23808009781799 NA NA NA
"lambdaf" 4.70483396930637 6.33740233034842 NA NA NA
"lambdaf" 4.77723291287834 5.72956501724984 NA NA NA
"lambdaf" 3.94992875761411 5.68062726402069 NA NA NA
"lambdaf" 3.84303854826375 5.49065911017141 NA NA NA
"lambdaf" 4.8487395990376 6.12970976386606 NA NA NA
"lambdaf" 4.77398277514743 5.73285443956614 NA NA NA
"lambdaf" 4.43272567678034 6.39025775192562 NA NA NA
"lambdaf" 4.64109988694004 5.1645861701873 NA NA NA
"lambdaf" 4.79283983925863 6.21645973965036 NA NA NA
"lambdaf" 4.61741671916009 6.15461917151936 NA NA NA
"lambdaf" 5.4557241662078 6.69890778655256 NA NA NA
"lambdaf" 3.94378498971688 5.69295130314733 NA NA NA
"lambdaf" 4.37823811882706 5.91821185213892 NA NA NA
"lambdaf" 5.28230911756216 6.22671744062631 NA NA NA
"lambdaf" 3.98054792924168 5.96851495478825 NA NA NA
"lambdaf" 4.80939443726816 6.25492922264301 NA NA NA
"lambdaf" 4.96768194324176 6.13931898550239 NA NA NA
"lambdaf" 4.98121229183382 6.05956290567504 NA NA NA
"lambdaf" 4.76580385261838 5.64888346743465 NA NA NA
"lambdaf" 4.22641562040389 5.22890441506025 NA NA NA
"lambdaf" 5.39978133064845 6.1739974170048 NA NA NA
"lambdaf" 4.42747169447194 5.27962254853296 NA NA NA
"lambdaf" 3.94621858920663 6.05223720742052 NA NA NA
"lambdaf" 4.90928207352571 5.52145014541732 NA NA NA
"lambdaf" 5.17383525417827 6.36761949340256 NA NA NA
"lambdaf" 5.02186926723962 6.27370275769321 NA NA NA
"lambdaf" 4.70347568928573 5.64036375161389 NA NA NA
"lambdaf" 4.78796408167484 6.02938069498777 NA NA NA
"lambdaf" 5.17896773655971 6.25499759818799 NA NA NA
"lambdaf" 3.91354035644612 5.64350932361255 NA NA NA
"lambdaf" 5.49207031417604 5.88839507553512 NA NA NA
"lambdaf" 4.41757967759743 6.04648279466476 NA NA NA
"lambdaf" 5.57839667207483 5.93101558522165 NA NA NA
"lambdaf" 4.70465661483576 6.25822091541014 NA NA NA
"lambdaf" 4.26622588610258 5.84219660520188 NA NA NA
"lambdaf" 4.14883079433306 5.73795893677417 NA NA NA
"lambdaf" 4.2065572900946 5.92426545505144 NA NA NA
"lambdaf" 4.67739641709097 6.13355678941746 NA NA NA
"lambdaf" 5.09579626605838 6.05818952445426 NA NA NA
"lambdaf" 4.04346134036203 5.24934752033045 NA NA NA
"lambdaf" 4.0567271343513 5.6645041026601 NA NA NA
"lambdaf" 4.80765177425824 6.23622857755978 NA NA NA
"alphad0" NA 2.81532462384946 NA NA NA
"alphad0" NA 2.34138338536347 NA NA NA
"alphad0" NA 2.27372331631759 NA NA NA
"alphad0" NA 1.771673847936 NA NA NA
"alphad0" NA 1.6668480205768 NA NA NA
"alphad0" NA 1.3906909258802 NA NA NA
"alphad0" NA 1.52664929074319 NA NA NA
"alphad0" NA 2.239348494746 NA NA NA
"alphad0" NA 2.07476238746927 NA NA NA
"alphad0" NA 1.89820122090664 NA NA NA
"alphad0" NA 1.51588866883759 NA NA NA
"alphad0" NA 1.7092560930832 NA NA NA
"alphad0" NA 1.91887506929402 NA NA NA
"alphad0" NA 2.45705681725151 NA NA NA
"alphad0" NA 1.75693375466703 NA NA NA
"alphad0" NA 2.13151502900894 NA NA NA
"alphad0" NA 1.77431900684433 NA NA NA
"alphad0" NA 2.25568710834527 NA NA NA
"alphad0" NA 2.32282990714127 NA NA NA
"alphad0" NA 1.47363065437393 NA NA NA
"alphad0" NA 1.63895385869305 NA NA NA
"alphad0" NA 2.26520829455118 NA NA NA
"alphad0" NA 1.68235433584245 NA NA NA
"alphad0" NA 1.80499397552163 NA NA NA
"alphad0" NA 1.8656398747865 NA NA NA
"alphad0" NA 2.02175277810935 NA NA NA
"alphad0" NA 1.82576914330337 NA NA NA
"alphad0" NA 1.99449598665347 NA NA NA
"alphad0" NA 2.11047711830083 NA NA NA
"alphad0" NA 1.91581748314365 NA NA NA
"alphad0" NA 1.60483260600545 NA NA NA
"alphad0" NA 1.85966721631642 NA NA NA
"alphad0" NA 2.04319740441152 NA NA NA
"alphad0" NA 2.1441147669823 NA NA NA
"alphad0" NA 1.97739684266935 NA NA NA
"alphad0" NA 2.25789041686761 NA NA NA
"alphad0" NA 1.91460348817707 NA NA NA
"alphad0" NA 1.68465946840938 NA NA NA
"alphad0" NA 1.69650670040519 NA NA NA
"alphad0" NA 1.83905797149987 NA NA NA
"alphad0" NA 2.86423381294139 NA NA NA
"alphad0" NA 1.82815790919271 NA NA NA
"alphad0" NA 1.92261618664163 NA NA NA
"alphad0" NA 1.66685045287724 NA NA NA
"alphad0" NA 1.63697879494744 NA NA NA
"alphad0" NA 2.00994979300272 NA NA NA
"alphad0" NA 2.07760412447026 NA NA NA
"alphad0" NA 1.87009080261993 NA NA NA
"alphad0" NA 2.11625554129265 NA NA NA
"alphad0" NA 2.06579478402031 NA NA NA
"alphad1" NA 0.82209856650152 NA NA NA
"alphad1" NA 1.55602408107627 NA NA NA
"alphad1" NA 1.35719029866458 NA NA NA
"alphad1" NA 3.00020902113134 NA NA NA
"alphad1" NA 1.67236815221903 NA NA NA
"alphad1" NA 2.02276143232358 NA NA NA
"alphad1" NA 2.03851819248093 NA NA NA
"alphad1" NA 1.33177380961042 NA NA NA
"alphad1" NA 1.10700109866836 NA NA NA
"alphad1" NA 1.44748824176637 NA NA NA
"alphad1" NA 2.52896864398464 NA NA NA
"alphad1" NA 1.51592504315704 NA NA NA
"alphad1" NA 1.67099616670786 NA NA NA
"alphad1" NA 0.806847027698287 NA NA NA
"alphad1" NA 2.05575837825932 NA NA NA
"alphad1" NA 1.5798394662019 NA NA NA
"alphad1" NA 2.1166141084357 NA NA NA
"alphad1" NA 1.17606122642274 NA NA NA
"alphad1" NA 1.12207034919377 NA NA NA
"alphad1" NA 2.3805850851071 NA NA NA
"alphad1" NA 2.62282241774798 NA NA NA
"alphad1" NA 1.89223349456907 NA NA NA
"alphad1" NA 1.90712421277035 NA NA NA
"alphad1" NA 1.81565080663722 NA NA NA
"alphad1" NA 2.37162373138623 NA NA NA
"alphad1" NA 2.18965031486493 NA NA NA
"alphad1" NA 1.81771464287569 NA NA NA
"alphad1" NA 1.63208211936736 NA NA NA
"alphad1" NA 2.30343619924828 NA NA NA
"alphad1" NA 1.88888908780956 NA NA NA
"alphad1" NA 1.3842986543155 NA NA NA
"alphad1" NA 2.78310865750568 NA NA NA
"alphad1" NA 2.29666101158154 NA NA NA
"alphad1" NA 1.2518153738276 NA NA NA
"alphad1" NA 1.41012033799268 NA NA NA
"alphad1" NA 0.856655051745934 NA NA NA
"alphad1" NA 1.82976466191318 NA NA NA
"alphad1" NA 2.30130753859806 NA NA NA
"alphad1" NA 2.35361713451439 NA NA NA
"alphad1" NA 1.88183784450424 NA NA NA
"alphad1" NA 0.665125335426361 NA NA NA
"alphad1" NA 1.38716167582037 NA NA NA
"alphad1" NA 1.92703986798895 NA NA NA
"alphad1" NA 2.67985116825226 NA NA NA
"alphad1" NA 1.89936694184704 NA NA NA
"alphad1" NA 1.60128712175023 NA NA NA
"alphad1" NA 1.28424502458178 NA NA NA
"alphad1" NA 2.42202384055777 NA NA NA
"alphad1" NA 1.38381643028224 NA NA NA
"alphad1" NA 1.69031503588487 NA NA NA
"alphad2" NA 4.65407528536546 NA NA NA
"alphad2" NA 3.58570668053526 NA NA NA
"alphad2" NA 4.09892095813593 NA NA NA
"alphad2" NA 4.16263448484079 NA NA NA
"alphad2" NA 4.5130780537241 NA NA NA
"alphad2" NA 6.35227830510304 NA NA NA
"alphad2" NA 4.43720303751329 NA NA NA
"alphad2" NA 4.74705690382244 NA NA NA
"alphad2" NA 5.86885925141646 NA NA NA
"alphad2" NA 5.42541320964379 NA NA NA
"alphad2" NA 5.45299448338946 NA NA NA
"alphad2" NA 4.36449302351191 NA NA NA
"alphad2" NA 6.00338523373757 NA NA NA
"alphad2" NA 4.68731967362314 NA NA NA
"alphad2" NA 6.0703567629733 NA NA NA
"alphad2" NA 4.83818649001845 NA NA NA
"alphad2" NA 5.62972393320358 NA NA NA
"alphad2" NA 4.6762108340687 NA NA NA
"alphad2" NA 4.71603639438278 NA NA NA
"alphad2" NA 5.7778222372724 NA NA NA
"alphad2" NA 5.94841734364039 NA NA NA
"alphad2" NA 6.36552435076839 NA NA NA
"alphad2" NA 5.32088851722195 NA NA NA
"alphad2" NA 5.71636022114203 NA NA NA
"alphad2" NA 4.74308793619037 NA NA NA
"alphad2" NA 6.22247446799906 NA NA NA
"alphad2" NA 5.59277471860737 NA NA NA
"alphad2" NA 5.98212460137233 NA NA NA
"alphad2" NA 6.00629253115445 NA NA NA
"alphad2" NA 5.4069284052162 NA NA NA
"alphad2" NA 5.92571752578134 NA NA NA
"alphad2" NA 4.31859678394675 NA NA NA
"alphad2" NA 4.55488860978759 NA NA NA
"alphad2" NA 4.66414985536299 NA NA NA
"alphad2" NA 4.64518284371083 NA NA NA
"alphad2" NA 5.17868011415846 NA NA NA
"alphad2" NA 5.43889190505579 NA NA NA
"alphad2" NA 5.30039887001151 NA NA NA
"alphad2" NA 5.61904601545726 NA NA NA
"alphad2" NA 5.58183627699673 NA NA NA
"alphad2" NA 4.09479435680667 NA NA NA
"alphad2" NA 5.16842108939511 NA NA NA
"alphad2" NA 6.27495850503416 NA NA NA
"alphad2" NA 5.84335034822458 NA NA NA
"alphad2" NA 5.3788938813534 NA NA NA
"alphad2" NA 5.00283503096297 NA NA NA
"alphad2" NA 5.43941468819641 NA NA NA
"alphad2" NA 5.63928099293764 NA NA NA
"alphad2" NA 5.22481915669731 NA NA NA
"alphad2" NA 5.25894995100445 NA NA NA
"alphad3" 0.227968641681018 10.5665795036903 NA NA NA
"alphad3" 0.180034101850092 11.7576014920614 NA NA NA
"alphad3" 0.207402648740414 10.6426846397397 NA NA NA
"alphad3" 0.181903801242407 10.1709455950685 NA NA NA
"alphad3" 0.146395687481192 14.5618630863831 NA NA NA
"alphad3" 0.131540417131719 13.8704805108665 NA NA NA
"alphad3" 0.174766548054008 12.2951094134416 NA NA NA
"alphad3" 0.191581072332708 12.4604175601909 NA NA NA
"alphad3" 0.178277749059636 11.5210890289091 NA NA NA
"alphad3" 0.178503809039992 12.749633117624 NA NA NA
"alphad3" 0.15663003613964 13.1248169031813 NA NA NA
"alphad3" 0.189922541206975 12.4547741315206 NA NA NA
"alphad3" 0.160235638066902 13.3346398646234 NA NA NA
"alphad3" 0.227425037015357 11.1302265906619 NA NA NA
"alphad3" 0.189098482590141 11.2534372692075 NA NA NA
"alphad3" 0.173367874269057 13.4239962806834 NA NA NA
"alphad3" 0.15149957227514 12.6911849922881 NA NA NA
"alphad3" 0.177943024917795 12.1308371750523 NA NA NA
"alphad3" 0.169363549673831 11.5366921201795 NA NA NA
"alphad3" 0.174103226906581 11.8359716167443 NA NA NA
"alphad3" 0.156084746973158 12.2652025773624 NA NA NA
"alphad3" 0.181940937387101 11.8702562789046 NA NA NA
"alphad3" 0.188050772967002 12.0822878099161 NA NA NA
"alphad3" 0.187451954590891 12.0772274218544 NA NA NA
"alphad3" 0.186338050270938 11.0931865096382 NA NA NA
"alphad3" 0.179484490697213 12.9988421562599 NA NA NA
"alphad3" 0.167471233539126 11.9606225015749 NA NA NA
"alphad3" 0.199736499085806 10.0038734984954 NA NA NA
"alphad3" 0.158554731187424 12.0743618084429 NA NA NA
"alphad3" 0.199558673457436 12.2417656229305 NA NA NA
"alphad3" 0.175286615947201 13.8494944383249 NA NA NA
"alphad3" 0.205951321223755 11.7686211875742 NA NA NA
"alphad3" 0.187966427462165 11.5183161205125 NA NA NA
"alphad3" 0.1764164521387 13.4886332852694 NA NA NA
"alphad3" 0.178888638711312 12.3729357679646 NA NA NA
"alphad3" 0.200307973945181 12.1341898279641 NA NA NA
"alphad3" 0.136131375803452 14.5471155490633 NA NA NA
"alphad3" 0.215753949447335 10.7853775495061 NA NA NA
"alphad3" 0.165137035125924 12.4157230378504 NA NA NA
"alphad3" 0.179160064068942 12.2531273601493 NA NA NA
"alphad3" 0.224454217982397 11.0866935040695 NA NA NA
"alphad3" 0.15736233520283 11.5018823862406 NA NA NA
"alphad3" 0.183612004005013 12.2169665078249 NA NA NA
"alphad3" 0.15284693033205 12.5126805890451 NA NA NA
"alphad3" 0.173793385497725 12.3079863216862 NA NA NA
"alphad3" 0.179519065339774 13.6101318110295 NA NA NA
"alphad3" 0.153013272640044 11.7071661607492 NA NA NA
"alphad3" 0.166713166510501 15.1183726037351 NA NA NA
"alphad3" 0.196757978094914 11.4103631352751 NA NA NA
"alphad3" 0.213889155283631 11.4847131107237 NA NA NA
"lambdad" NA 0.865033741216126 NA NA NA
"lambdad" NA 0.650685136286412 NA NA NA
"lambdad" NA 0.726355541500634 NA NA NA
"lambdad" NA 0.550059433864714 NA NA NA
"lambdad" NA 0.714053849149235 NA NA NA
"lambdad" NA 0.680555053206994 NA NA NA
"lambdad" NA 0.645424924426389 NA NA NA
"lambdad" NA 0.771730712987523 NA NA NA
"lambdad" NA 0.764239112954982 NA NA NA
"lambdad" NA 0.805129326205403 NA NA NA
"lambdad" NA 0.661729052248786 NA NA NA
"lambdad" NA 0.57214947503381 NA NA NA
"lambdad" NA 0.777241734567761 NA NA NA
"lambdad" NA 0.936135439511662 NA NA NA
"lambdad" NA 0.757322945199516 NA NA NA
"lambdad" NA 0.685264788780024 NA NA NA
"lambdad" NA 0.751683443062417 NA NA NA
"lambdad" NA 0.725346229830048 NA NA NA
"lambdad" NA 0.742493551208194 NA NA NA
"lambdad" NA 0.692035037302906 NA NA NA
"lambdad" NA 0.759484603336529 NA NA NA
"lambdad" NA 0.848939942106706 NA NA NA
"lambdad" NA 0.998840543823851 NA NA NA
"lambdad" NA 0.975422361405224 NA NA NA
"lambdad" NA 0.897444825401752 NA NA NA
"lambdad" NA 0.949386596640705 NA NA NA
"lambdad" NA 0.859601267052559 NA NA NA
"lambdad" NA 0.757009536212036 NA NA NA
"lambdad" NA 0.657786692085767 NA NA NA
"lambdad" NA 1.08932124861347 NA NA NA
"lambdad" NA 0.780400991582901 NA NA NA
"lambdad" NA 0.807024927222927 NA NA NA
"lambdad" NA 0.711149569192301 NA NA NA
"lambdad" NA 0.938520220033623 NA NA NA
"lambdad" NA 0.597503330216529 NA NA NA
"lambdad" NA 0.770055517203505 NA NA NA
"lambdad" NA 0.614287181969285 NA NA NA
"lambdad" NA 0.692448809521575 NA NA NA
"lambdad" NA 0.819983185147242 NA NA NA
"lambdad" NA 0.754537238760879 NA NA NA
"lambdad" NA 0.807342172054201 NA NA NA
"lambdad" NA 0.596179324781215 NA NA NA
"lambdad" NA 0.616676114188263 NA NA NA
"lambdad" NA 0.743616619552349 NA NA NA
"lambdad" NA 0.642278406653179 NA NA NA
"lambdad" NA 1.31421905912794 NA NA NA
"lambdad" NA 0.662629582746685 NA NA NA
"lambdad" NA 0.707281162080804 NA NA NA
"lambdad" NA 0.710173960363761 NA NA NA
"lambdad" NA 0.732470857547881 NA NA NA
"elbo" -374.720747068951 -1770.53235231165 NA NA NA
"elbo" -366.498052724497 -1745.77924166521 NA NA NA
"elbo" -382.17952482882 -1780.93441651322 NA NA NA
"elbo" -379.916854183098 -1787.43765988499 NA NA NA
"elbo" -364.767879610994 -1814.28337752489 NA NA NA
"elbo" -367.976586821142 -1879.08375882986 NA NA NA
"elbo" -376.968306486292 -1709.05446423922 NA NA NA
"elbo" -375.600029581114 -1758.65311703955 NA NA NA
"elbo" -375.205724674589 -1789.08185753523 NA NA NA
"elbo" -377.698631525675 -1725.8198592602 NA NA NA
"elbo" -366.858514661177 -1741.60280498915 NA NA NA
"elbo" -389.547762854633 -1728.01505123628 NA NA NA
"elbo" -349.609824468011 -1787.49054428269 NA NA NA
"elbo" -385.698940550974 -1731.66053052564 NA NA NA
"elbo" -381.691469797741 -1762.72071579866 NA NA NA
"elbo" -359.870840197225 -1734.47604695706 NA NA NA
"elbo" -372.412499598877 -1860.53242555283 NA NA NA
"elbo" -383.289601128815 -1768.2664911016 NA NA NA
"elbo" -354.54749262327 -1792.25527404333 NA NA NA
"elbo" -384.576089266945 -1722.00617517589 NA NA NA
"elbo" -358.903330299152 -1759.26633443311 NA NA NA
"elbo" -364.716862228993 -1803.16905724843 NA NA NA
"elbo" -389.481641659147 -1728.88913738665 NA NA NA
"elbo" -374.89098660297 -1770.25984690697 NA NA NA
"elbo" -380.261746978956 -1764.97684987262 NA NA NA
"elbo" -378.516317775445 -1807.58067773261 NA NA NA
"elbo" -369.932365673619 -1738.026393022 NA NA NA
"elbo" -378.223671449702 -1732.2821572318 NA NA NA
"elbo" -371.005834409518 -1845.30929447229 NA NA NA
"elbo" -375.845803225364 -1693.63355373623 NA NA NA
"elbo" -382.055210604583 -1713.84388665404 NA NA NA
"elbo" -384.934142073991 -1775.87092606312 NA NA NA
"elbo" -361.532220284018 -1770.50140115612 NA NA NA
"elbo" -371.733425600168 -1804.45844193537 NA NA NA
"elbo" -365.545523620158 -1773.8757623565 NA NA NA
"elbo" -379.608417632215 -1742.30453578997 NA NA NA
"elbo" -359.939601732353 -1822.13358886181 NA NA NA
"elbo" -383.352116506892 -1650.25382060909 NA NA NA
"elbo" -360.022372571262 -1811.72663988311 NA NA NA
"elbo" -378.44132218748 -1764.42763320841 NA NA NA
"elbo" -373.773470400778 -1759.02660634134 NA NA NA
"elbo" -363.254644424591 -1783.80946381845 NA NA NA
"elbo" -371.267443417931 -1773.63791287759 NA NA NA
"elbo" -366.441543918649 -1787.97294295218 NA NA NA
"elbo" -366.718867381677 -1705.35155782333 NA NA NA
"elbo" -389.291454311795 -1751.82966001399 NA NA NA
"elbo" -354.569722249762 -1783.98075559726 NA NA NA
"elbo" -369.627537797272 -1738.06918355155 NA NA NA
"elbo" -387.182614033735 -1701.92370897176 NA NA NA
"elbo" -371.961484294141 -1699.73849702373 NA NA NA
"elbot" -233.727570721456 -422.999717221419 NA NA NA
"elbot" -235.635507448887 -423.778902279766 NA NA NA
"elbot" -236.539164107243 -424.807009194414 NA NA NA
"elbot" -238.897147487162 -423.683786116833 NA NA NA
"elbot" -228.088648947158 -421.818886434186 NA NA NA
"elbot" -231.73530669329 -427.639635240315 NA NA NA
"elbot" -236.43091039102 -425.018641204125 NA NA NA
"elbot" -236.116419378179 -426.998468286377 NA NA NA
"elbot" -235.488881656107 -427.231542087958 NA NA NA
"elbot" -238.870799347873 -431.987245201568 NA NA NA
"elbot" -225.687038700894 -417.495642513715 NA NA NA
"elbot" -239.8070323893 -423.551287527735 NA NA NA
"elbot" -214.189454599451 -408.193057472058 NA NA NA
"elbot" -244.638465044393 -435.328255506399 NA NA NA
"elbot" -236.870500851196 -427.241729578567 NA NA NA
"elbot" -233.726401469465 -423.304749824946 NA NA NA
"elbot" -228.687829813835 -423.251853334583 NA NA NA
"elbot" -239.795648731237 -430.777345634972 NA NA NA
"elbot" -225.265358593765 -417.693744680646 NA NA NA
"elbot" -242.628135575893 -432.810124715941 NA NA NA
"elbot" -222.790308764614 -417.180736477998 NA NA NA
"elbot" -225.543967164073 -418.855813426304 NA NA NA
"elbot" -239.079854264464 -434.546677121222 NA NA NA
"elbot" -232.421519145272 -428.580708092009 NA NA NA
"elbot" -240.530215305659 -434.822585818845 NA NA NA
"elbot" -240.063664753958 -435.560460648712 NA NA NA
"elbot" -234.594536207735 -429.165838630272 NA NA NA
"elbot" -233.681029304701 -422.825464019526 NA NA NA
"elbot" -232.975677235173 -424.650423780986 NA NA NA
"elbot" -236.376954242461 -432.415331248471 NA NA NA
"elbot" -243.575023505624 -436.03527913084 NA NA NA
"elbot" -242.572038668471 -432.417681404761 NA NA NA
"elbot" -224.214285987426 -414.362839422022 NA NA NA
"elbot" -229.671256712898 -426.20800620066 NA NA NA
"elbot" -237.923123007044 -424.036414044526 NA NA NA
"elbot" -246.858195520161 -436.576196345542 NA NA NA
"elbot" -224.627174109691 -418.488541859558 NA NA NA
"elbot" -236.938526328125 -423.386019469753 NA NA NA
"elbot" -227.417487833804 -422.542932025513 NA NA NA
"elbot" -235.646912646595 -426.900175914054 NA NA NA
"elbot" -238.154341339428 -426.952276592318 NA NA NA
"elbot" -230.17492225613 -419.792820304464 NA NA NA
"elbot" -238.758111085895 -424.862772362182 NA NA NA
"elbot" -231.697343661348 -425.530106383088 NA NA NA
"elbot" -233.610945069925 -422.898617485152 NA NA NA
"elbot" -249.85423213845 -451.854226509142 NA NA NA
"elbot" -225.473278457262 -417.529804832972 NA NA NA
"elbot" -232.886390012923 -423.784052944802 NA NA NA
"elbot" -239.173655074 -427.630650324445 NA NA NA
"elbot" -242.061899296107 -429.077060084535 NA NA NA
